1285 205490.35000000000 2681135.23000000000
1286 205490.35000000000 2681135.23000000000
1287 205984.00000000000 2681442.00000000000
1288 206339.72000000000 2683393.74000000000
1289 206007.00000000000 2682091.60000000000
1290 206559.25000000000 2679088.39000000000
1291 206165.79000000000 2680191.17000000000
1292 204983.59000000000 2680259.17000000000
1293 210263.01000000000 2682056.31000000000
1294 210114.73000000000 2682499.78000000000
1295 210114.73000000000 2682499.78000000000
1296 205555.59000000000 2681543.17000000000
1297 205490.35000000000 2681135.23000000000
1298 206021.58000000000 2682004.96000000000
1299 204737.00000000000 2680099.00000000000
1300 206913.84000000000 2679696.64000000000
1301 206094.59000000000 2679165.17000000000
1302 207409.72000000000 2679728.44000000000
1303 207291.59000000000 2679020.17000000000
1304 206044.38000000000 2679995.33000000000
1305 210119.34000000000 2682169.89000000000
1306 206090.30000000000 2677411.37000000000
1307 205739.35000000000 2680941.94000000000
1308 205739.35000000000 2680941.94000000000
1309 206293.22000000000 2678257.07000000000
1310 205875.70000000000 2678576.23000000000
1311 204961.17000000000 2680934.17000000000
1312 205849.25902900000 2680659.56080000000
