0 780 725 381.986738 2 0.000000 0.009000 
1 1278 726 98.886849 14 0.000000 0.009000 
2 725 1279 39.318017 14 0.000000 0.009000 
3 0 613 668.517164 5 0.000000 0.010000 
4 726 780 295.590566 2 0.000000 0.010000 
5 726 695 279.601644 14 0.000000 0.010000 
6 0 895 485.402978 1 0.000000 0.010000 
7 0 895 437.994792 2 0.000000 0.010000 
8 867 780 115.441503 2 0.000000 0.010000 
9 469 613 236.650130 14 0.000000 0.010000 
10 867 695 286.464756 2 0.000000 0.010000 
11 0 694 1071.222968 1 0.000000 0.010000 
12 565 609 68.916115 12 0.000000 0.010000 
13 565 557 104.240862 12 0.000000 0.010000 
14 521 565 74.991556 12 0.000000 0.010000 
15 521 477 69.603697 12 0.000000 0.010000 
16 477 431 192.509341 12 0.000000 0.010000 
17 609 613 42.565861 9 0.000000 0.010000 
18 697 0 579.364559 2 0.000000 0.010000 
19 697 725 303.007428 14 0.000000 0.010000 
20 522 521 102.003723 12 0.000000 0.010000 
21 522 557 66.961163 12 0.000000 0.010000 
22 557 595 45.269649 12 0.000000 0.010000 
23 557 487 152.579905 12 0.000000 0.010000 
24 478 477 101.680525 14 0.000000 0.010000 
25 478 522 69.092765 12 0.000000 0.010000 
26 595 609 90.113199 9 0.000000 0.010000 
27 595 674 196.939916 9 0.000000 0.010000 
28 431 478 85.738596 12 0.000000 0.010000 
29 695 670 54.893912 14 0.000000 0.008000 
30 591 595 62.619806 9 0.000000 0.010000 
31 430 431 57.717358 14 0.000000 0.010000 
32 430 591 268.782313 12 0.000000 0.010000 
33 882 867 62.722569 2 0.000000 0.010000 
34 882 0 318.985110 1 0.000000 0.009000 
35 674 0 534.775188 2 0.000000 0.010000 
36 674 694 19.360209 14 0.000000 0.008000 
37 666 697 97.782526 14 0.000000 0.008000 
38 694 670 99.681602 2 0.000000 0.008000 
39 873 851 94.811137 12 0.000000 0.010000 
40 851 831 309.128191 14 0.000000 0.010000 
41 851 831 67.957354 12 0.000000 0.006000 
42 851 831 397.333637 14 0.000000 0.006000 
43 666 674 84.394264 14 0.000000 0.010000 
44 670 483 531.386233 14 0.000000 0.010000 
45 0 1077 557.968907 14 0.000000 0.010000 
46 831 813 73.055689 12 0.000000 0.006000 
47 813 798 329.416727 14 0.000000 0.009000 
48 813 798 73.725475 12 0.000000 0.006000 
49 813 824 206.133544 14 0.000000 0.006000 
50 407 430 237.709910 14 0.000000 0.010000 
51 407 390 82.331835 14 0.000000 0.010000 
52 407 481 223.111094 14 0.000000 0.010000 
53 549 591 242.262748 9 0.000000 0.010000 
54 798 782 71.052935 12 0.000000 0.010000 
55 798 824 129.277035 12 0.000000 0.006000 
56 719 759 128.080984 13 0.000000 0.009000 
57 978 963 650.928281 7 0.000000 0.008000 
58 963 0 52.142882 7 0.000000 0.010000 
59 782 719 190.362404 13 0.000000 0.009000 
60 782 759 75.208321 12 0.000000 0.009000 
61 390 0 403.329136 14 0.000000 0.010000 
62 390 427 123.480246 14 0.000000 0.009000 
63 427 447 69.567058 14 0.000000 0.009000 
64 698 719 77.262044 13 0.000000 0.009000 
65 698 734 124.408278 13 0.000000 0.009000 
66 872 978 270.540061 9 0.000000 0.009000 
67 520 549 365.465239 14 0.000000 0.010000 
68 520 549 116.852970 9 0.000000 0.010000 
69 824 837 93.376323 12 0.000000 0.006000 
70 759 734 82.204531 12 0.000000 0.010000 
71 481 520 88.442938 14 0.000000 0.010000 
72 734 759 218.054667 14 0.000000 0.010000 
73 734 709 68.023743 12 0.000000 0.010000 
74 837 834 139.889142 12 0.000000 0.010000 
75 447 481 69.359551 14 0.000000 0.010000 
76 447 483 82.116223 14 0.000000 0.010000 
77 491 520 138.204039 9 0.000000 0.010000 
78 491 666 498.961957 14 0.000000 0.010000 
79 709 698 191.992981 14 0.000000 0.009000 
80 709 686 82.260514 12 0.000000 0.010000 
81 808 837 112.014021 14 0.000000 0.010000 
82 483 491 39.458872 12 0.000000 0.010000 
83 686 669 63.358956 12 0.000000 0.010000 
84 686 758 201.279920 12 0.000000 0.010000 
85 437 483 96.598577 9 0.000000 0.009000 
86 437 493 130.993188 9 0.000000 0.010000 
87 834 808 120.773846 13 0.000000 0.010000 
88 834 826 72.104904 12 0.000000 0.010000 
89 669 686 247.430549 14 0.000000 0.010000 
90 669 637 132.476076 12 0.000000 0.010000 
91 429 437 37.638394 12 0.000000 0.009000 
92 429 377 374.260214 12 0.000000 0.010000 
93 826 808 199.596606 13 0.000000 0.010000 
94 826 834 303.965076 14 0.000000 0.010000 
95 826 790 141.909850 12 0.000000 0.010000 
96 493 483 158.800640 12 0.000000 0.010000 
97 758 790 105.431331 12 0.000000 0.010000 
98 637 614 71.851580 12 0.000000 0.010000 
99 736 758 71.412973 14 0.000000 0.010000 
100 989 978 445.645321 7 0.000000 0.008000 
101 989 872 71.409279 14 0.000000 0.000000 
102 614 637 231.873340 14 0.000000 0.010000 
103 614 525 200.334643 12 0.000000 0.010000 
104 790 774 74.256166 12 0.000000 0.010000 
105 790 827 167.452954 12 0.000000 0.010000 
106 279 258 73.692032 14 0.000000 0.010000 
107 279 312 92.852190 14 0.000000 0.010000 
108 312 447 369.157668 14 0.000000 0.009000 
109 279 313 106.331957 12 0.000000 0.010000 
110 509 493 120.269813 9 0.000000 0.010000 
111 774 736 103.961434 14 0.000000 0.010000 
112 774 748 66.457562 12 0.000000 0.010000 
113 313 348 117.860564 12 0.000000 0.010000 
114 348 429 212.455836 12 0.000000 0.009000 
115 313 344 94.948202 12 0.000000 0.010000 
116 748 736 166.348707 14 0.000000 0.010000 
117 748 724 69.824437 12 0.000000 0.010000 
118 303 279 114.976207 14 0.000000 0.010000 
119 303 313 39.235744 12 0.000000 0.010000 
120 525 509 88.283844 9 0.000000 0.000000 
121 668 614 181.143959 14 0.000000 0.010000 
122 668 724 165.150940 14 0.000000 0.010000 
123 827 872 136.670612 14 0.000000 0.009000 
124 827 841 158.920234 12 0.000000 0.009000 
125 344 377 73.484404 12 0.000000 0.010000 
126 724 701 68.592127 12 0.000000 0.010000 
127 994 989 172.254283 7 0.000000 0.010000 
128 377 357 120.866144 12 0.000000 0.010000 
129 701 668 105.423132 14 0.000000 0.010000 
130 701 581 347.923622 12 0.000000 0.010000 
131 253 303 135.636512 12 0.000000 0.010000 
132 253 281 93.286708 14 0.000000 0.010000 
133 316 303 99.826292 14 0.000000 0.010000 
134 316 344 83.547592 14 0.000000 0.010000 
135 409 377 60.339069 12 0.000000 0.010000 
136 409 408 107.077349 12 0.000000 0.010000 
137 459 509 240.239497 12 0.000000 0.010000 
138 459 409 122.472971 12 0.000000 0.010000 
139 281 316 96.888928 14 0.000000 0.010000 
140 219 253 123.577367 12 0.000000 0.010000 
141 219 237 90.152151 12 0.000000 0.010000 
142 330 316 96.540819 14 0.000000 0.010000 
143 330 357 52.998142 14 0.000000 0.010000 
144 841 872 165.803520 9 0.000000 0.009000 
145 841 859 187.812924 12 0.000000 0.009000 
146 357 368 27.320533 12 0.000000 0.010000 
147 304 281 63.727378 12 0.000000 0.010000 
148 473 459 101.917764 12 0.000000 0.010000 
149 473 425 97.549322 14 0.000000 0.010000 
150 408 425 45.438708 12 0.000000 0.010000 
151 368 408 70.012862 12 0.000000 0.010000 
152 368 336 66.567165 12 0.000000 0.010000 
153 425 480 106.066428 12 0.000000 0.010000 
154 336 304 75.317512 12 0.000000 0.010000 
155 336 330 41.723207 14 0.000000 0.010000 
156 336 340 81.691082 14 0.000000 0.010000 
157 480 473 28.858001 12 0.000000 0.010000 
158 480 562 145.044485 12 0.000000 0.010000 
159 480 479 42.093132 12 0.000000 0.010000 
160 918 935 74.059724 14 0.000000 0.010000 
161 935 918 254.085474 14 0.000000 0.010000 
162 935 949 67.977751 14 0.000000 0.010000 
163 949 973 74.213544 14 0.000000 0.010000 
164 237 281 130.376620 14 0.000000 0.010000 
165 237 257 64.123221 12 0.000000 0.010000 
166 973 949 331.182708 14 0.000000 0.010000 
167 973 969 79.051281 12 0.000000 0.010000 
168 777 739 322.505315 12 0.000000 0.010000 
169 777 739 176.449738 12 0.000000 0.010000 
170 562 525 261.033545 9 0.000000 0.010000 
171 479 340 272.618584 14 0.000000 0.010000 
172 257 304 135.973346 14 0.000000 0.010000 
173 257 272 78.053748 12 0.000000 0.010000 
174 340 345 57.384161 14 0.000000 0.010000 
175 581 562 44.410286 9 0.000000 0.000000 
176 916 918 80.201543 14 0.000000 0.010000 
177 916 907 69.094402 12 0.000000 0.010000 
178 907 874 204.714691 12 0.000000 0.009000 
179 969 916 216.283577 12 0.000000 0.010000 
180 994 969 86.107645 12 0.000000 0.010000 
181 805 777 111.254990 12 0.000000 0.010000 
182 805 841 187.173236 9 0.000000 0.010000 
183 874 907 412.500560 14 0.000000 0.009000 
184 874 859 56.573447 12 0.000000 0.010000 
185 474 479 73.972053 12 0.000000 0.010000 
186 474 345 257.296531 14 0.000000 0.010000 
187 345 354 82.222912 14 0.000000 0.010000 
188 859 832 69.313106 12 0.000000 0.010000 
189 859 845 180.199432 14 0.000000 0.010000 
190 272 287 82.187617 12 0.000000 0.008000 
191 832 783 159.934023 12 0.000000 0.010000 
192 832 846 116.186661 14 0.000000 0.010000 
193 616 581 118.216538 9 0.000000 0.010000 
194 616 827 674.282920 14 0.000000 0.000000 
195 616 650 205.144246 9 0.000000 0.010000 
196 739 751 65.795357 12 0.000000 0.010000 
197 472 474 76.196098 12 0.000000 0.010000 
198 472 354 237.371805 14 0.000000 0.010000 
199 354 359 75.684562 14 0.000000 0.010000 
200 287 272 306.947843 14 0.000000 0.008000 
201 287 294 66.460474 12 0.000000 0.010000 
202 783 776 27.690788 12 0.000000 0.010000 
203 776 805 147.715659 9 0.000000 0.010000 
204 751 776 47.951858 12 0.000000 0.010000 
205 751 761 36.913985 14 0.000000 0.010000 
206 294 302 22.268007 12 0.000000 0.010000 
207 761 776 55.777501 9 0.000000 0.010000 
208 761 783 314.993090 14 0.000000 0.010000 
209 359 467 219.962758 14 0.000000 0.010000 
210 359 302 134.385297 12 0.000000 0.010000 
211 359 362 61.299542 14 0.000000 0.010000 
212 712 687 332.119721 13 0.000000 0.010000 
213 712 751 87.615446 12 0.000000 0.010000 
214 467 472 91.901839 12 0.000000 0.009000 
215 302 305 49.148847 12 0.000000 0.008000 
216 982 1069 713.695676 10 0.000000 0.008000 
217 687 712 64.420848 12 0.000000 0.010000 
218 464 467 45.432389 12 0.000000 0.009000 
219 464 553 150.172302 12 0.000000 0.000000 
220 441 464 47.025082 12 0.000000 0.010000 
221 441 403 211.925000 14 0.000000 0.010000 
222 401 441 99.093590 12 0.000000 0.010000 
223 401 403 134.901412 14 0.000000 0.010000 
224 305 323 48.470437 12 0.000000 0.010000 
225 362 401 68.217635 12 0.000000 0.010000 
226 909 896 84.946123 13 0.000000 0.010000 
227 896 888 431.981296 13 0.000000 0.010000 
228 323 362 77.398110 12 0.000000 0.010000 
229 323 261 357.155976 14 0.000000 0.009000 
230 919 909 72.464495 14 0.000000 0.010000 
231 919 941 97.536854 14 0.000000 0.010000 
232 650 687 99.838785 12 0.000000 0.010000 
233 650 663 163.095431 9 0.000000 0.010000 
234 941 962 77.199753 14 0.000000 0.010000 
235 261 305 107.040727 14 0.000000 0.008000 
236 261 294 227.514379 14 0.000000 0.008000 
237 553 567 31.811717 12 0.000000 0.010000 
238 553 594 275.030553 14 0.000000 0.010000 
239 567 594 51.680242 12 0.000000 0.010000 
240 567 563 283.386421 14 0.000000 0.010000 
241 962 969 307.578340 12 0.000000 0.010000 
242 706 712 143.961847 13 0.000000 0.010000 
243 706 733 55.941802 13 0.000000 0.010000 
244 733 761 172.926969 9 0.000000 0.010000 
245 74 279 1221.572319 14 0.000000 0.009000 
246 74 219 766.811593 12 0.000000 0.009000 
247 74 33 482.972970 12 0.000000 0.010000 
248 74 13 478.709674 12 0.000000 0.010000 
249 594 621 96.059518 12 0.000000 0.010000 
250 839 850 138.238195 13 0.000000 0.010000 
251 982 994 366.605414 7 0.000000 0.010000 
252 403 362 196.761706 14 0.000000 0.010000 
253 621 663 106.929789 12 0.000000 0.008000 
254 621 563 144.075779 14 0.000000 0.010000 
255 663 706 160.174687 13 0.000000 0.010000 
256 663 681 269.237755 9 0.000000 0.010000 
257 926 919 185.062952 13 0.000000 0.010000 
258 926 941 222.501042 14 0.000000 0.010000 
259 868 853 140.564957 13 0.000000 0.010000 
260 786 828 197.431355 13 0.000000 0.010000 
261 850 868 70.381681 14 0.000000 0.010000 
262 850 861 108.547226 13 0.000000 0.010000 
263 1106 1017 155.002082 14 0.000000 0.010000 
264 756 786 75.390260 14 0.000000 0.010000 
265 756 778 73.794142 13 0.000000 0.010000 
266 924 926 67.245262 13 0.000000 0.010000 
267 924 956 151.845848 14 0.000000 0.010000 
268 828 850 68.453848 14 0.000000 0.010000 
269 956 962 217.391964 12 0.000000 0.010000 
270 563 500 118.268681 14 0.000000 0.010000 
271 500 511 190.530019 14 0.000000 0.010000 
272 1017 1006 300.797272 14 0.000000 0.008000 
273 1017 1006 64.799396 14 0.000000 0.008000 
274 1017 1010 137.975758 14 0.000000 0.008000 
275 1006 990 67.113497 14 0.000000 0.008000 
276 990 976 61.240184 14 0.000000 0.010000 
277 976 982 190.835646 7 0.000000 0.010000 
278 888 900 70.027090 9 0.000000 0.010000 
279 900 896 322.738388 13 0.000000 0.010000 
280 900 910 71.389546 9 0.000000 0.010000 
281 718 756 98.195110 14 0.000000 0.010000 
282 718 740 67.733112 13 0.000000 0.010000 
283 883 868 116.856031 13 0.000000 0.010000 
284 883 888 58.526945 9 0.000000 0.010000 
285 778 797 110.315603 13 0.000000 0.010000 
286 910 909 327.739704 13 0.000000 0.010000 
287 910 924 95.051392 14 0.000000 0.010000 
288 910 900 481.023271 13 0.000000 0.010000 
289 922 910 66.097844 9 0.000000 0.010000 
290 922 924 68.196926 13 0.000000 0.010000 
291 861 883 72.198684 9 0.000000 0.010000 
292 861 888 528.395281 13 0.000000 0.010000 
293 951 922 131.844208 9 0.000000 0.010000 
294 951 956 69.380600 12 0.000000 0.010000 
295 693 733 268.879829 9 0.000000 0.000000 
296 693 718 62.426676 14 0.000000 0.010000 
297 693 717 140.231446 14 0.000000 0.010000 
298 921 922 38.046136 13 0.000000 0.010000 
299 844 828 103.384747 13 0.000000 0.010000 
300 844 861 64.918075 9 0.000000 0.010000 
301 740 778 91.560671 14 0.000000 0.010000 
302 740 755 91.368628 13 0.000000 0.010000 
303 150 168 72.595809 14 0.000000 0.010000 
304 150 151 266.474158 14 0.000000 0.010000 
305 150 129 138.267428 14 0.000000 0.010000 
306 829 844 42.603855 9 0.000000 0.010000 
307 829 848 256.546860 13 0.000000 0.010000 
308 622 635 250.412877 14 0.000000 0.010000 
309 622 599 174.616904 14 0.000000 0.010000 
310 946 921 129.923015 13 0.000000 0.010000 
311 946 951 45.250671 12 0.000000 0.010000 
312 33 74 480.395619 12 0.000000 0.010000 
313 0 33 127.386342 12 0.000000 0.000000 
314 33 0 1.200696 12 0.000000 0.000000 
315 33 13 391.851149 12 0.000000 0.010000 
316 1010 1006 97.354318 13 0.000000 0.008000 
317 1010 990 210.140768 14 0.000000 0.008000 
318 818 786 204.830095 13 0.000000 0.010000 
319 818 829 35.269766 9 0.000000 0.010000 
320 818 833 148.619639 12 0.000000 0.010000 
321 797 818 59.800072 9 0.000000 0.010000 
322 129 132 188.425908 12 0.000000 0.010000 
323 681 693 100.137404 9 0.000000 0.010000 
324 199 168 125.611191 14 0.000000 0.010000 
325 199 270 216.932659 14 0.000000 0.010000 
326 199 214 162.728261 12 0.000000 0.010000 
327 755 797 107.825332 9 0.000000 0.010000 
328 317 466 448.795925 14 0.000000 0.010000 
329 317 322 77.100502 14 0.000000 0.010000 
330 971 956 223.255673 14 0.000000 0.010000 
331 971 976 167.025823 7 0.000000 0.010000 
332 717 755 81.312192 9 0.000000 0.010000 
333 270 317 101.007564 14 0.000000 0.010000 
334 270 267 90.945155 14 0.000000 0.010000 
335 696 717 48.646535 9 0.000000 0.010000 
336 672 681 73.528749 9 0.000000 0.010000 
337 672 696 58.823216 9 0.000000 0.010000 
338 672 658 84.502658 9 0.000000 0.010000 
339 466 496 43.159588 9 0.000000 0.010000 
340 398 466 150.049325 9 0.000000 0.010000 
341 496 497 68.145209 13 0.000000 0.010000 
342 358 398 73.073803 9 0.000000 0.010000 
343 511 496 28.999316 9 0.000000 0.010000 
344 511 543 49.241044 9 0.000000 0.010000 
345 322 358 73.285030 9 0.000000 0.010000 
346 543 554 22.648550 9 0.000000 0.010000 
347 543 519 49.996240 9 0.000000 0.010000 
348 0 6 82.306708 14 0.000000 0.010000 
349 554 622 208.482444 14 0.000000 0.010000 
350 554 599 66.263582 9 0.000000 0.010000 
351 833 793 129.833509 12 0.000000 0.010000 
352 833 848 72.019937 12 0.000000 0.010000 
353 945 921 247.824417 13 0.000000 0.010000 
354 945 946 150.552860 12 0.000000 0.010000 
355 615 672 91.741939 14 0.000000 0.010000 
356 23 12 270.904762 12 0.000000 0.000000 
357 23 33 63.401560 12 0.000000 0.010000 
358 599 615 30.492867 9 0.000000 0.010000 
359 599 0 25.267621 13 0.000000 0.010000 
360 519 511 34.958345 14 0.000000 0.010000 
361 519 392 53.007005 13 0.000000 0.010000 
362 267 322 123.185514 9 0.000000 0.010000 
363 267 299 125.234968 12 0.000000 0.010000 
364 615 635 41.332314 9 0.000000 0.010000 
365 635 658 74.090980 9 0.000000 0.010000 
366 635 611 163.698164 14 0.000000 0.010000 
367 597 615 39.926957 9 0.000000 0.010000 
368 538 597 144.643458 13 0.000000 0.010000 
369 538 554 32.127588 14 0.000000 0.010000 
370 12 23 102.953122 14 0.000000 0.010000 
371 793 766 81.319900 12 0.000000 0.010000 
372 793 819 222.479198 12 0.000000 0.010000 
373 13 0 166.039203 12 0.000000 0.000000 
374 13 0 1156.893342 14 0.000000 0.010000 
375 658 647 108.862381 9 0.000000 0.010000 
376 39 33 218.113068 12 0.000000 0.010000 
377 214 267 147.331362 9 0.000000 0.010000 
378 6 12 116.998992 14 0.000000 0.010000 
379 848 865 166.529920 12 0.000000 0.010000 
380 14 7 113.957961 14 0.000000 0.010000 
381 1280 597 82.511140 13 0.000000 0.010000 
382 766 729 74.996091 12 0.000000 0.010000 
383 766 792 226.504211 12 0.000000 0.010000 
384 527 519 61.620960 14 0.000000 0.010000 
385 527 0 32.887019 14 0.000000 0.010000 
386 132 105 106.064633 6 0.000000 0.010000 
387 132 151 101.884250 9 0.000000 0.010000 
388 0 6 122.017132 14 0.000000 0.010000 
389 7 0 140.682267 14 0.000000 0.010000 
390 7 8 136.499990 14 0.000000 0.010000 
391 172 168 249.092451 14 0.000000 0.010000 
392 172 214 161.154387 9 0.000000 0.010000 
393 105 129 258.634369 14 0.000000 0.010000 
394 158 172 39.454535 9 0.000000 0.010000 
395 729 690 81.114633 12 0.000000 0.010000 
396 729 771 227.683742 12 0.000000 0.010000 
397 392 398 125.316414 13 0.000000 0.010000 
398 151 158 34.178154 9 0.000000 0.010000 
399 690 696 156.999932 14 0.000000 0.010000 
400 299 322 156.361283 14 0.000000 0.010000 
401 299 325 74.106251 12 0.000000 0.000000 
402 26 14 212.804121 12 0.000000 0.010000 
403 26 39 277.826562 12 0.000000 0.010000 
404 161 158 37.795037 14 0.000000 0.010000 
405 161 214 204.339682 14 0.000000 0.010000 
406 1106 1093 363.402788 14 0.000000 0.009000 
407 685 690 45.185874 14 0.000000 0.010000 
408 647 626 172.623101 9 0.000000 0.010000 
409 16 14 100.970238 14 0.000000 0.010000 
410 16 26 116.692423 12 0.000000 0.010000 
411 325 358 205.437692 13 0.000000 0.010000 
412 325 352 71.460720 12 0.000000 0.008000 
413 611 647 90.523242 9 0.000000 0.010000 
414 450 497 76.034808 14 0.000000 0.010000 
415 450 468 158.357877 14 0.000000 0.010000 
416 940 945 201.293242 12 0.000000 0.010000 
417 940 911 152.494808 12 0.000000 0.010000 
418 911 912 219.484124 12 0.000000 0.010000 
419 911 904 58.912000 12 0.000000 0.010000 
420 352 392 125.689153 13 0.000000 0.010000 
421 352 391 73.784441 12 0.000000 0.008000 
422 904 891 416.327807 12 0.000000 0.010000 
423 904 891 65.071880 12 0.000000 0.010000 
424 891 865 136.192603 12 0.000000 0.010000 
425 8 18 223.517721 14 0.000000 0.010000 
426 8 11 135.954702 14 0.000000 0.010000 
427 865 836 80.594245 12 0.000000 0.010000 
428 544 527 150.540474 13 0.000000 0.173000 
429 544 611 107.080403 14 0.000000 0.173000 
430 0 2 285.406053 14 0.000000 0.000000 
431 1093 1027 970.282346 14 0.000000 0.010000 
432 113 105 141.304589 6 0.000000 0.010000 
433 113 161 250.878055 14 0.000000 0.010000 
434 836 819 53.637793 12 0.000000 0.010000 
435 508 497 70.965576 14 0.000000 0.010000 
436 508 544 63.179420 14 0.000000 0.173000 
437 391 450 152.517151 14 0.000000 0.010000 
438 391 468 199.324429 12 0.000000 0.010000 
439 819 814 19.288808 12 0.000000 0.010000 
440 17 16 96.486968 14 0.000000 0.010000 
441 2 8 137.010299 14 0.000000 0.010000 
442 2 3 134.059123 14 0.024341 0.000000 
443 814 792 69.064531 12 0.000000 0.010000 
444 814 836 332.153330 12 0.000000 0.010000 
445 692 700 71.512151 12 0.000000 0.010000 
446 792 771 69.165604 12 0.000000 0.010000 
447 771 735 70.637723 12 0.000000 0.000000 
448 771 803 196.665006 14 0.000000 0.010000 
449 803 792 151.020967 12 0.000000 0.010000 
450 18 28 391.166662 14 0.000000 0.098000 
451 626 612 98.925979 9 0.000000 0.010000 
452 1281 1093 472.743132 14 0.000000 0.009000 
453 1281 1106 198.145164 12 0.000000 0.009000 
454 1281 1115 321.851426 12 0.000000 0.009000 
455 960 971 396.056301 7 0.000000 0.010000 
456 735 685 223.752229 14 0.000000 0.010000 
457 735 700 68.497502 12 0.000000 0.010000 
458 999 960 144.027105 12 0.000000 0.010000 
459 661 626 89.674319 12 0.000000 0.010000 
460 661 685 189.680819 14 0.000000 0.010000 
461 700 661 92.133837 12 0.000000 0.010000 
462 700 735 339.341971 12 0.000000 0.010000 
463 937 940 149.237496 12 0.000000 0.000000 
464 11 18 86.010999 14 0.000000 0.000000 
465 11 21 391.859909 14 0.000000 0.098000 
466 468 507 63.740066 12 0.000000 0.008000 
467 959 960 19.185712 7 0.000000 0.010000 
468 1011 999 90.995773 12 0.000000 0.010000 
469 1011 1027 200.263708 14 0.000000 0.008000 
470 507 508 135.414722 12 0.000000 0.010000 
471 507 577 114.276135 12 0.000000 0.010000 
472 3 11 128.707903 14 0.000000 0.010000 
473 3 4 45.048017 14 0.000000 0.000000 
474 577 544 187.094148 14 0.000000 0.010000 
475 612 577 60.826881 12 0.000000 0.000000 
476 4 10 346.997115 14 0.020256 0.000000 
477 1013 1011 72.230840 12 0.000000 0.010000 
478 77 39 509.177260 12 0.000000 0.010000 
479 77 113 299.316773 6 0.000000 0.000000 
480 1005 999 146.228372 12 0.000000 0.010000 
481 983 1013 78.906316 12 0.000000 0.010000 
482 1027 1015 118.109268 14 0.000000 0.010000 
483 0 4 203.376327 14 0.016226 0.368000 
484 925 937 164.188810 12 0.000000 0.009000 
485 925 893 197.802264 6 0.000000 0.009000 
486 942 925 86.509437 6 0.000000 0.010000 
487 942 959 175.028356 7 0.000000 0.010000 
488 942 983 156.532415 12 0.000000 0.010000 
489 983 959 204.263031 12 0.000000 0.010000 
490 983 986 30.978081 12 0.000000 0.010000 
491 1015 1013 103.292595 12 0.000000 0.010000 
492 1015 1016 28.295770 12 0.000000 0.010000 
493 938 942 26.447188 7 0.000000 0.010000 
494 938 961 87.238803 12 0.000000 0.010000 
495 85 77 91.063065 12 0.000000 0.000000 
496 85 187 579.073349 14 0.000000 0.010000 
497 893 937 413.599637 12 0.000000 0.009000 
498 893 884 76.493945 9 0.000000 0.010000 
499 1016 1005 65.544585 12 0.000000 0.010000 
500 1016 1018 32.239067 12 0.000000 0.010000 
501 914 893 146.414225 12 0.000000 0.010000 
502 914 925 73.330920 12 0.000000 0.010000 
503 961 968 33.955323 12 0.000000 0.010000 
504 884 864 88.135564 9 0.000000 0.008000 
505 884 842 267.188004 14 0.000000 0.008000 
506 1005 991 64.713686 12 0.000000 0.010000 
507 1005 1009 208.520849 12 0.000000 0.010000 
508 968 972 30.988833 14 0.000000 0.010000 
509 968 991 86.211725 12 0.000000 0.010000 
510 991 993 72.005067 14 0.000000 0.010000 
511 864 842 66.132154 9 0.000000 0.010000 
512 864 885 212.593352 14 0.000000 0.010000 
513 885 884 144.288823 14 0.000000 0.010000 
514 89 85 44.623670 12 0.000000 0.010000 
515 1018 1021 184.915685 12 0.000000 0.010000 
516 958 961 28.147528 14 0.000000 0.010000 
517 958 965 36.373523 14 0.000000 0.010000 
518 842 817 71.889818 9 0.000000 0.010000 
519 842 852 120.456198 14 0.000000 0.010000 
520 852 817 245.089437 14 0.000000 0.010000 
521 817 789 239.303721 14 0.000000 0.000000 
522 817 789 75.147538 9 0.000000 0.010000 
523 965 968 30.883305 14 0.000000 0.010000 
524 965 981 72.079474 14 0.000000 0.010000 
525 653 585 293.910299 12 0.000000 0.010000 
526 653 634 188.106659 12 0.000000 0.010000 
527 69 89 75.863953 14 0.000000 0.010000 
528 69 48 291.200634 12 0.000000 0.010000 
529 931 938 91.731099 7 0.000000 0.010000 
530 931 950 92.594889 12 0.000000 0.010000 
531 585 612 209.474254 9 0.000000 0.010000 
532 789 678 261.376109 9 0.000000 0.010000 
533 1115 1119 90.698517 14 0.000000 0.009000 
534 1119 1039 1683.614555 14 0.000000 0.010000 
535 950 958 40.327392 14 0.000000 0.010000 
536 897 893 79.553086 14 0.000000 0.010000 
537 94 89 71.568174 12 0.000000 0.010000 
538 94 79 74.316034 12 0.000000 0.010000 
539 981 993 44.972883 12 0.000000 0.010000 
540 993 997 139.841515 14 0.000000 0.010000 
541 582 585 41.290059 9 0.000000 0.010000 
542 262 283 72.773625 12 0.000000 0.009000 
543 190 262 296.686427 12 0.000000 0.009000 
544 187 190 10.451093 12 0.000000 0.009000 
545 187 226 216.551242 12 0.000000 0.012000 
546 251 262 23.283665 14 0.000000 0.009000 
547 251 190 218.049733 14 0.000000 0.009000 
548 28 31 47.717377 14 0.000000 0.098000 
549 31 34 339.876817 14 0.000000 0.010000 
550 79 69 73.088683 14 0.000000 0.010000 
551 79 64 75.388538 12 0.000000 0.010000 
552 678 653 91.848783 12 0.000000 0.010000 
553 535 582 75.138752 9 0.000000 0.010000 
554 64 53 71.969503 12 0.000000 0.010000 
555 53 50 32.803720 12 0.000000 0.010000 
556 634 678 111.659353 9 0.000000 0.010000 
557 634 688 296.885923 12 0.000000 0.012000 
558 1032 1018 198.083587 14 0.000000 0.010000 
559 979 981 58.351016 14 0.000000 0.010000 
560 21 28 116.145715 14 0.000000 0.098000 
561 21 22 9.087119 14 0.000000 0.010000 
562 22 29 375.707699 14 0.000000 0.010000 
563 277 283 17.902589 14 0.000000 0.010000 
564 915 931 126.346999 7 0.000000 0.010000 
565 915 933 90.239894 12 0.000000 0.010000 
566 579 582 65.591039 9 0.000000 0.010000 
567 579 634 100.994094 9 0.000000 0.010000 
568 331 283 108.618990 12 0.000000 0.009000 
569 378 331 86.455165 12 0.000000 0.009000 
570 411 378 65.576471 12 0.000000 0.009000 
571 50 48 46.167784 12 0.000000 0.010000 
572 50 70 207.304868 12 0.000000 0.010000 
573 443 411 78.749131 12 0.000000 0.010000 
574 443 492 82.328788 12 0.000000 0.010000 
575 492 535 85.521408 9 0.000000 0.010000 
576 492 537 73.637176 12 0.000000 0.010000 
577 492 433 121.045005 6 0.000000 0.010000 
578 537 535 48.514649 14 0.000000 0.010000 
579 537 578 61.398091 12 0.000000 0.010000 
580 578 579 24.582082 9 0.000000 0.010000 
581 10 21 153.711361 14 0.000000 0.010000 
582 10 0 48.129163 14 0.000000 0.000000 
583 1050 1021 527.134543 14 0.000000 0.010000 
584 933 950 151.462152 14 0.000000 0.010000 
585 933 944 49.494372 12 0.000000 0.010000 
586 48 42 87.946155 13 0.000000 0.000000 
587 48 47 72.144186 12 0.000000 0.010000 
588 1009 1021 68.630747 12 0.000000 0.010000 
589 1009 980 255.063754 14 0.000000 0.010000 
590 944 965 196.087804 14 0.000000 0.010000 
591 944 980 129.956782 12 0.000000 0.010000 
592 42 26 732.560785 12 0.044120 0.407000 
593 42 37 157.670112 13 0.000000 0.010000 
594 997 1009 73.069854 12 0.000000 0.010000 
595 103 94 151.369206 12 0.000000 0.010000 
596 103 87 78.350513 12 0.000000 0.010000 
597 980 977 83.949554 14 0.000000 0.010000 
598 980 997 68.925264 12 0.000000 0.010000 
599 800 789 184.849277 12 0.000000 0.010000 
600 800 801 162.037274 12 0.000000 0.010000 
601 433 443 70.936573 14 0.000000 0.010000 
602 433 385 167.727338 6 0.000000 0.010000 
603 226 251 153.602224 14 0.000000 0.009000 
604 226 263 96.592229 12 0.000000 0.012000 
605 87 83 100.362176 12 0.000000 0.010000 
606 83 79 43.570922 12 0.000000 0.010000 
607 87 70 72.809094 12 0.000000 0.010000 
608 908 915 122.802585 7 0.000000 0.010000 
609 908 927 231.570578 14 0.000000 0.010000 
610 890 906 183.627716 12 0.000000 0.010000 
611 906 914 135.908945 12 0.000000 0.010000 
612 70 66 120.635648 12 0.000000 0.010000 
613 66 64 18.942669 12 0.000000 0.010000 
614 107 103 46.126899 12 0.000000 0.010000 
615 863 800 190.416191 14 0.000000 0.010000 
616 47 44 19.898656 13 0.000000 0.000000 
617 905 890 93.236472 13 0.000000 0.010000 
618 905 908 24.309138 7 0.000000 0.010000 
619 99 107 32.493386 14 0.000000 0.010000 
620 99 102 82.002939 14 0.000000 0.010000 
621 44 42 77.489719 12 0.000000 0.000000 
622 463 492 122.425530 14 0.000000 0.010000 
623 463 559 160.943740 14 0.000000 0.010000 
624 93 99 40.315371 14 0.000000 0.010000 
625 93 95 80.617452 14 0.000000 0.010000 
626 263 273 152.821271 14 0.000000 0.010000 
627 263 291 66.090621 12 0.000000 0.010000 
628 84 93 39.114390 14 0.000000 0.010000 
629 84 91 81.341087 14 0.000000 0.010000 
630 73 84 47.537800 14 0.000000 0.010000 
631 73 80 79.632043 14 0.000000 0.010000 
632 564 578 140.457917 9 0.000000 0.010000 
633 564 644 149.631210 12 0.000000 0.010000 
634 37 44 118.786167 13 0.000000 0.010000 
635 67 73 26.416353 14 0.000000 0.010000 
636 67 71 79.404291 14 0.000000 0.010000 
637 67 71 122.052110 14 0.000000 0.010000 
638 688 678 213.238044 12 0.000000 0.010000 
639 291 309 53.234971 12 0.000000 0.009000 
640 887 863 115.532264 14 0.000000 0.010000 
641 887 890 69.847967 12 0.000000 0.010000 
642 559 564 18.104590 9 0.000000 0.010000 
643 1043 1090 664.241779 14 0.000000 0.010000 
644 1090 1115 553.951482 14 0.000000 0.009000 
645 714 688 61.141733 13 0.000000 0.012000 
646 714 704 75.530551 14 0.000000 0.010000 
647 309 331 192.450202 14 0.000000 0.010000 
648 309 342 75.297130 12 0.000000 0.010000 
649 49 47 73.801760 12 0.000000 0.000000 
650 116 107 84.204193 12 0.000000 0.010000 
651 116 102 44.255594 12 0.000000 0.010000 
652 102 104 2.832040 14 0.000000 0.010000 
653 102 95 40.400346 12 0.000000 0.010000 
654 644 636 79.979052 12 0.000000 0.010000 
655 385 411 205.012480 14 0.000000 0.010000 
656 385 376 33.987330 6 0.000000 0.010000 
657 342 378 219.624982 14 0.000000 0.010000 
658 342 376 67.962757 12 0.000000 0.010000 
659 342 326 118.849166 14 0.000000 0.010000 
660 95 91 30.458910 14 0.000000 0.010000 
661 91 80 50.656051 14 0.000000 0.010000 
662 927 970 180.095408 14 0.000000 0.010000 
663 894 905 123.953024 7 0.000000 0.010000 
664 80 71 27.761529 14 0.000000 0.010000 
665 40 37 82.383910 14 0.000000 0.010000 
666 40 49 123.617248 14 0.000000 0.010000 
667 376 382 6.703306 12 0.000000 0.010000 
668 376 326 135.127734 6 0.000000 0.010000 
669 801 714 199.109658 13 0.000000 0.010000 
670 801 863 304.408994 14 0.000000 0.010000 
671 801 791 75.507576 12 0.000000 0.010000 
672 382 385 34.038740 14 0.000000 0.010000 
673 382 412 69.281662 12 0.000000 0.010000 
674 704 644 155.544065 12 0.000000 0.010000 
675 704 688 95.151396 13 0.000000 0.010000 
676 52 49 69.401267 12 0.000000 0.010000 
677 52 54 70.484886 12 0.000000 0.010000 
678 412 433 190.677579 14 0.000000 0.010000 
679 412 436 68.901404 12 0.000000 0.010000 
680 902 894 54.369186 14 0.000000 0.010000 
681 902 927 174.682553 14 0.000000 0.010000 
682 1043 1041 322.812942 14 0.000000 0.009000 
683 636 617 150.547302 12 0.000000 0.010000 
684 436 463 163.831007 14 0.000000 0.010000 
685 436 475 69.051810 12 0.000000 0.010000 
686 436 412 323.144847 14 0.000000 0.010000 
687 41 40 60.426135 14 0.000000 0.000000 
688 41 52 126.525787 14 0.000000 0.000000 
689 665 636 81.496876 14 0.000000 0.010000 
690 665 617 216.240845 14 0.000000 0.010000 
691 475 528 86.104183 12 0.000000 0.010000 
692 791 704 199.178074 12 0.000000 0.010000 
693 34 41 86.866324 14 0.000000 0.000000 
694 34 29 144.862607 14 0.000000 0.000000 
695 689 665 61.105112 14 0.000000 0.010000 
696 689 715 355.522805 14 0.000000 0.027000 
697 326 289 93.630275 6 0.000000 0.009000 
698 326 319 67.216951 14 0.000000 0.009000 
699 231 222 47.120375 14 0.000000 0.009000 
700 231 239 31.750513 14 0.000000 0.009000 
701 528 559 172.384706 9 0.000000 0.010000 
702 715 689 61.938593 14 0.000000 0.027000 
703 723 715 10.459754 14 0.000000 0.027000 
704 723 704 100.655009 13 0.000000 0.027000 
705 923 902 168.177382 14 0.000000 0.010000 
706 923 927 128.834767 14 0.000000 0.010000 
707 124 116 167.003882 12 0.000000 0.010000 
708 124 155 430.620851 14 0.000000 0.010000 
709 289 309 183.686407 14 0.000000 0.009000 
710 750 723 62.017925 14 0.000000 0.027000 
711 750 742 71.109101 14 0.000000 0.027000 
712 82 54 225.622716 14 0.000000 0.010000 
713 82 76 176.627585 13 0.000000 0.010000 
714 860 791 202.107503 12 0.000000 0.010000 
715 860 887 244.818255 12 0.000000 0.010000 
716 1035 1036 68.726083 14 0.000000 0.009000 
717 517 528 43.372776 9 0.000000 0.010000 
718 58 54 73.664380 12 0.000000 0.010000 
719 58 54 322.402105 14 0.000000 0.010000 
720 781 750 68.608273 14 0.000000 0.027000 
721 781 768 118.142088 14 0.000000 0.010000 
722 319 289 70.894166 14 0.000000 0.009000 
723 319 382 260.178369 14 0.000000 0.010000 
724 570 517 88.864780 14 0.000000 0.010000 
725 570 513 297.680471 13 0.000000 0.010000 
726 236 231 78.415612 14 0.000000 0.009000 
727 236 289 118.969114 9 0.000000 0.009000 
728 966 970 187.448084 14 0.000000 0.010000 
729 966 975 34.170070 14 0.000000 0.010000 
730 966 957 47.562011 14 0.000000 0.010000 
731 60 58 34.016116 12 0.000000 0.010000 
732 60 82 118.011881 13 0.000000 0.010000 
733 881 860 81.440351 12 0.000000 0.010000 
734 881 894 219.344669 7 0.000000 0.010000 
735 810 781 92.393505 14 0.000000 0.010000 
736 810 821 184.046866 14 0.000000 0.010000 
737 617 570 77.644181 14 0.000000 0.010000 
738 617 606 69.816563 12 0.000000 0.010000 
739 975 1004 111.660397 14 0.000000 0.010000 
740 957 934 91.935012 14 0.000000 0.010000 
741 957 967 171.685393 14 0.000000 0.010000 
742 0 1161 263.740352 14 0.000000 0.010000 
743 742 723 97.114277 13 0.000000 0.027000 
744 742 768 112.359521 14 0.000000 0.027000 
745 1026 970 391.660953 14 0.000000 0.009000 
746 1026 1036 111.191490 14 0.000000 0.009000 
747 1026 1004 137.041881 14 0.000000 0.009000 
748 1026 1034 194.941828 14 0.000000 0.010000 
749 1037 1043 296.844825 14 0.000000 0.009000 
750 62 60 37.038169 12 0.000000 0.010000 
751 843 810 95.304852 14 0.000000 0.010000 
752 843 860 94.154360 12 0.000000 0.010000 
753 934 923 142.466787 14 0.000000 0.010000 
754 135 124 138.391682 12 0.000000 0.010000 
755 135 291 656.787657 14 0.000000 0.012000 
756 135 236 389.671509 9 0.000000 0.010000 
757 606 620 262.744902 14 0.000000 0.010000 
758 606 574 221.729896 12 0.000000 0.010000 
759 768 742 79.438832 13 0.000000 0.027000 
760 68 62 76.833049 12 0.000000 0.010000 
761 68 59 71.244076 14 0.000000 0.010000 
762 0 29 442.671360 14 0.000000 0.000000 
763 76 68 35.675533 12 0.000000 0.010000 
764 1008 1004 112.015390 14 0.000000 0.010000 
765 1008 1022 129.090647 14 0.000000 0.010000 
766 59 51 73.883896 14 0.000000 0.010000 
767 59 51 216.264086 14 0.000000 0.010000 
768 821 843 110.659045 12 0.000000 0.010000 
769 86 76 51.349601 13 0.000000 0.010000 
770 857 881 168.304163 7 0.000000 0.010000 
771 770 794 76.002918 14 0.000000 0.010000 
772 770 767 44.162509 14 0.000000 0.010000 
773 51 62 200.785279 14 0.000000 0.010000 
774 985 975 153.068470 14 0.000000 0.010000 
775 985 1008 112.110952 14 0.000000 0.010000 
776 1041 1039 332.297297 14 0.000000 0.010000 
777 815 821 34.905529 12 0.000000 0.010000 
778 815 857 115.601975 14 0.000000 0.010000 
779 397 475 337.164542 12 0.000000 0.010000 
780 794 768 121.613062 13 0.000000 0.010000 
781 794 815 63.129424 14 0.000000 0.010000 
782 794 811 51.492689 14 0.000000 0.010000 
783 967 985 73.307869 14 0.000000 0.010000 
784 1034 1036 175.934382 14 0.000000 0.009000 
785 1034 1041 183.943467 14 0.000000 0.009000 
786 1034 1024 77.341576 14 0.000000 0.010000 
787 811 815 20.812437 12 0.000000 0.010000 
788 811 807 27.233217 12 0.000000 0.010000 
789 953 934 173.714458 14 0.000000 0.010000 
790 953 967 56.142742 14 0.000000 0.010000 
791 767 794 77.114765 12 0.000000 0.010000 
792 767 760 83.262620 14 0.000000 0.010000 
793 108 86 119.333167 13 0.000000 0.010000 
794 108 88 158.617842 13 0.000000 0.010000 
795 807 794 49.036056 13 0.000000 0.010000 
796 1022 1024 20.000382 14 0.000000 0.010000 
797 1022 886 729.252579 14 0.000000 0.010000 
798 24 0 295.949133 9 0.000000 0.000000 
799 24 25 3.041990 14 0.000000 0.010000 
800 454 517 290.697631 9 0.000000 0.010000 
801 81 86 114.407504 12 0.000000 0.010000 
802 81 57 131.932710 13 0.000000 0.010000 
803 57 88 219.496080 13 0.000000 0.010000 
804 711 770 198.236813 14 0.000000 0.010000 
805 711 767 113.228840 12 0.000000 0.010000 
806 27 24 57.568264 9 0.000000 0.010000 
807 27 20 339.430768 13 0.000000 0.000000 
808 167 135 238.740560 12 0.000000 0.010000 
809 167 232 225.198716 13 0.000000 0.010000 
810 137 108 136.770150 13 0.000000 0.010000 
811 137 135 198.811287 12 0.000000 0.010000 
812 137 167 133.394668 13 0.000000 0.010000 
813 502 454 85.226284 12 0.000000 0.010000 
814 513 502 20.836359 12 0.000000 0.010000 
815 772 807 142.456488 12 0.000000 0.010000 
816 760 772 15.059685 12 0.000000 0.010000 
817 760 710 96.266835 12 0.000000 0.010000 
818 542 513 45.574031 12 0.000000 0.010000 
819 710 711 43.387923 14 0.000000 0.010000 
820 710 680 77.932708 12 0.000000 0.010000 
821 710 772 335.152212 14 0.000000 0.010000 
822 954 953 95.498520 14 0.000000 0.010000 
823 648 680 371.745153 14 0.000000 0.010000 
824 648 620 72.147797 12 0.000000 0.010000 
825 680 648 71.003122 12 0.000000 0.010000 
826 680 711 89.917910 12 0.000000 0.010000 
827 620 574 76.910012 12 0.000000 0.010000 
828 574 542 48.442004 12 0.000000 0.010000 
829 574 583 87.372656 12 0.000000 0.010000 
830 823 807 104.295016 13 0.000000 0.010000 
831 823 857 181.658256 7 0.000000 0.010000 
832 0 24 283.305566 14 0.000000 0.000000 
833 32 27 112.796583 9 0.000000 0.010000 
834 32 35 204.321004 12 0.000000 0.010000 
835 649 648 39.174056 12 0.000000 0.010000 
836 649 680 77.515122 12 0.000000 0.010000 
837 88 81 98.032500 12 0.000000 0.010000 
838 623 620 65.051936 12 0.000000 0.010000 
839 623 649 70.927516 12 0.000000 0.010000 
840 623 642 122.235428 13 0.000000 0.010000 
841 372 397 210.964550 14 0.000000 0.010000 
842 372 397 250.301970 14 0.000000 0.010000 
843 372 421 138.348973 12 0.000000 0.010000 
844 583 623 82.740985 12 0.000000 0.010000 
845 526 542 123.748184 12 0.000000 0.010000 
846 526 583 91.217074 12 0.000000 0.010000 
847 470 502 168.550693 12 0.000000 0.010000 
848 470 526 86.992299 12 0.000000 0.010000 
849 144 137 173.026625 12 0.000000 0.010000 
850 45 32 265.464176 9 0.000000 0.010000 
851 45 55 140.602074 14 0.000000 0.010000 
852 200 167 214.868160 12 0.000000 0.010000 
853 1039 1024 291.570516 14 0.000000 0.010000 
854 421 454 232.919478 9 0.000000 0.010000 
855 421 470 107.517268 12 0.000000 0.010000 
856 642 649 140.310717 12 0.000000 0.010000 
857 642 603 192.035303 12 0.000000 0.010000 
858 642 603 190.389004 14 0.000000 0.010000 
859 886 823 275.842570 14 0.000000 0.010000 
860 886 870 80.899584 14 0.000000 0.010000 
861 243 296 222.283019 14 0.000000 0.010000 
862 55 45 103.345526 9 0.000000 0.010000 
863 55 56 29.574626 14 0.000000 0.012000 
864 35 45 148.762476 14 0.000000 0.010000 
865 35 43 329.666699 12 0.000000 0.010000 
866 870 840 100.890295 14 0.000000 0.010000 
867 870 928 377.526351 14 0.000000 0.010000 
868 142 144 68.009241 12 0.000000 0.010000 
869 142 110 148.769370 14 0.000000 0.010000 
870 1044 1183 639.835146 6 0.000000 0.010000 
870 1044 1183 639.835146 14 0.000000 0.010000 
871 20 35 340.167177 14 0.000000 0.010000 
872 148 144 82.858324 12 0.000000 0.010000 
873 148 200 205.225324 14 0.000000 0.010000 
874 779 823 260.782835 7 0.000000 0.010000 
875 840 769 213.917938 14 0.000000 0.010000 
876 110 88 238.636372 12 0.000000 0.010000 
877 110 111 10.533398 12 0.000000 0.010000 
878 111 90 100.774330 14 0.000000 0.010000 
879 111 117 104.384241 12 0.000000 0.010000 
880 769 779 52.966006 7 0.000000 0.010000 
881 1038 1039 126.779673 14 0.000000 0.010000 
882 1038 1056 508.623588 14 0.000000 0.010000 
883 173 162 68.981088 14 0.000000 0.010000 
884 173 157 49.181632 14 0.000000 0.010000 
885 173 184 97.749152 14 0.000000 0.010000 
886 173 179 61.019874 14 0.000000 0.010000 
887 603 552 111.084978 14 0.000000 0.010000 
888 61 56 75.228707 14 0.000000 0.010000 
889 61 46 132.501541 14 0.000000 0.010000 
890 61 65 74.272780 14 0.000000 0.010000 
891 90 55 211.285041 9 0.000000 0.012000 
892 381 421 174.871110 9 0.000000 0.010000 
893 157 148 100.936598 12 0.000000 0.010000 
894 157 180 202.803206 12 0.000000 0.010000 
895 1003 1038 309.341378 14 0.000000 0.010000 
896 1003 1002 288.736055 14 0.000000 0.010000 
897 988 1003 56.146512 14 0.000000 0.010000 
898 988 998 207.863725 14 0.000000 0.010000 
899 96 90 41.162134 9 0.000000 0.010000 
900 184 192 17.563052 14 0.000000 0.010000 
901 0 20 344.275647 14 0.000000 0.000000 
902 46 56 197.707796 14 0.000000 0.010000 
903 928 988 250.640816 14 0.000000 0.010000 
904 928 929 18.817031 14 0.000000 0.010000 
905 179 184 40.773203 14 0.000000 0.010000 
906 179 164 47.574947 14 0.000000 0.010000 
907 98 96 29.554944 12 0.000000 0.010000 
908 98 72 123.378385 14 0.000000 0.010000 
909 743 779 463.428486 14 0.000000 0.010000 
910 743 769 78.531261 7 0.000000 0.010000 
911 929 930 2.961054 13 0.000000 0.010000 
912 929 943 75.555791 14 0.000000 0.010000 
913 117 96 89.033550 9 0.000000 0.010000 
914 65 46 208.062565 14 0.000000 0.010000 
915 65 43 298.893392 12 0.000000 0.010000 
916 100 98 19.054978 12 0.000000 0.010000 
917 100 78 116.088909 14 0.000000 0.010000 
918 122 123 47.867735 14 0.000000 0.010000 
919 140 122 58.625118 14 0.000000 0.010000 
920 140 142 159.210286 12 0.000000 0.010000 
921 140 139 53.218999 12 0.000000 0.010000 
922 296 353 133.019203 9 0.000000 0.010000 
923 353 381 50.227565 9 0.000000 0.010000 
924 118 117 20.766857 9 0.000000 0.010000 
925 118 122 30.214643 14 0.000000 0.010000 
926 399 381 86.802734 14 0.000000 0.010000 
927 812 840 189.037979 14 0.000000 0.010000 
928 812 929 519.689764 13 0.000000 0.010000 
929 101 100 32.616968 12 0.000000 0.010000 
930 101 118 69.486148 14 0.000000 0.010000 
931 943 947 33.893462 14 0.000000 0.010000 
932 249 200 298.543156 12 0.000000 0.010000 
933 249 296 109.436644 9 0.000000 0.010000 
934 485 523 74.288956 14 0.000000 0.010000 
935 485 568 156.571741 14 0.000000 0.010000 
936 485 484 61.262693 14 0.000000 0.010000 
937 139 118 98.917905 9 0.000000 0.010000 
938 139 109 132.825236 9 0.000000 0.010000 
939 139 143 131.685283 12 0.000000 0.010000 
940 722 743 93.276305 7 0.000000 0.010000 
941 722 763 96.062678 13 0.000000 0.010000 
942 568 713 327.302834 14 0.000000 0.010000 
943 713 722 25.743732 7 0.000000 0.010000 
944 109 101 65.679828 12 0.000000 0.010000 
945 763 812 167.421507 14 0.000000 0.010000 
946 763 775 27.545542 14 0.000000 0.010000 
947 484 568 146.580389 14 0.000000 0.010000 
948 455 399 267.634011 14 0.000000 0.010000 
949 455 484 39.882463 14 0.000000 0.010000 
950 775 943 727.164896 14 0.000000 0.010000 
951 180 249 241.280130 9 0.000000 0.010000 
952 180 186 195.994869 12 0.000000 0.010000 
953 178 139 170.494244 9 0.000000 0.010000 
954 178 180 14.896868 9 0.000000 0.010000 
955 422 399 134.782306 14 0.000000 0.010000 
956 422 455 81.187474 14 0.000000 0.010000 
957 998 964 187.016969 14 0.000000 0.010000 
958 998 1000 75.302353 14 0.000000 0.010000 
959 428 422 39.647691 14 0.000000 0.010000 
960 428 298 292.400168 14 0.000000 0.010000 
961 143 178 143.641037 9 0.000000 0.010000 
962 36 30 218.832362 14 0.000000 0.000000 
963 36 43 125.828057 12 0.000000 0.010000 
964 298 249 200.468914 12 0.000000 0.010000 
965 120 109 138.818393 12 0.000000 0.010000 
966 120 143 98.985590 12 0.000000 0.010000 
967 0 36 135.609526 12 0.000000 0.010000 
968 675 713 181.130993 7 0.000000 0.010000 
969 732 738 52.615775 14 0.000000 0.010000 
970 732 675 125.624179 14 0.000000 0.010000 
971 732 744 98.976847 14 0.000000 0.010000 
972 438 428 94.035275 14 0.000000 0.010000 
973 389 438 123.688443 14 0.000000 0.010000 
974 343 365 43.178132 14 0.000000 0.010000 
975 343 321 42.256735 14 0.000000 0.010000 
976 365 389 35.473470 14 0.000000 0.010000 
977 365 370 79.480683 14 0.000000 0.010000 
978 321 265 134.635461 14 0.000000 0.010000 
979 327 298 103.482329 14 0.000000 0.009000 
980 321 327 90.670430 13 0.000000 0.010000 
981 223 265 100.536497 14 0.000000 0.010000 
982 744 775 208.492344 14 0.000000 0.010000 
983 744 747 19.950862 14 0.000000 0.010000 
984 186 223 132.575645 12 0.000000 0.010000 
985 573 444 212.298734 14 0.000000 0.010000 
986 747 716 214.531228 14 0.000000 0.010000 
987 444 438 79.878490 13 0.000000 0.010000 
988 395 389 80.147057 14 0.000000 0.010000 
989 395 444 121.354913 12 0.000000 0.010000 
990 395 404 83.145899 14 0.000000 0.010000 
991 153 143 189.770076 12 0.000000 0.010000 
992 153 186 132.771039 12 0.000000 0.011000 
993 355 343 88.330947 13 0.000000 0.010000 
994 355 395 68.981617 12 0.000000 0.010000 
995 448 444 28.560832 13 0.000000 0.010000 
996 448 584 280.271766 14 0.000000 0.010000 
997 327 321 90.029258 14 0.000000 0.010000 
998 327 355 56.594702 12 0.000000 0.010000 
999 327 334 88.198582 12 0.000000 0.010000 
1000 288 327 92.518661 12 0.000000 0.616000 
1001 268 265 64.806005 14 0.000000 0.010000 
1002 268 288 35.843746 12 0.000000 0.010000 
1003 133 120 193.917931 12 0.039354 0.311000 
1004 133 153 106.849853 12 0.000000 0.187000 
1005 133 106 167.858710 12 0.000000 0.010000 
1006 133 138 91.191180 12 0.077449 0.311000 
1007 830 849 122.014246 14 0.000000 0.010000 
1008 830 854 97.377842 14 0.000000 0.010000 
1009 1255 0 114.221522 9 0.000000 0.010000 
1010 292 288 22.273719 14 0.000000 0.010000 
1011 292 295 67.145718 14 0.163818 0.616000 
1012 532 629 163.530617 12 0.000000 0.010000 
1013 1044 1084 775.593612 14 0.000000 0.010000 
1014 221 223 111.954095 12 0.000000 0.010000 
1015 221 268 111.372093 12 0.000000 0.010000 
1016 452 448 51.693082 13 0.000000 0.010000 
1017 452 532 130.947817 12 0.000000 0.010000 
1018 452 404 120.327045 12 0.000000 0.010000 
1019 274 292 41.519583 14 0.270222 0.616000 
1020 193 186 111.345759 12 0.000000 0.013000 
1021 193 221 111.407805 12 0.000000 0.273000 
1022 629 675 228.983821 7 0.000000 0.010000 
1023 629 628 189.923470 12 0.000000 0.014000 
1024 404 334 126.889314 12 0.000000 0.010000 
1025 806 747 218.378777 14 0.000000 0.010000 
1026 806 830 83.921017 14 0.000000 0.010000 
1027 160 153 92.393436 12 0.000000 0.011000 
1028 160 193 119.868764 12 0.000000 0.011000 
1029 160 138 107.336719 12 0.147821 0.625000 
1030 334 327 90.930841 12 0.245638 0.010000 
1031 757 806 121.417253 14 0.000000 0.010000 
1032 757 746 132.907870 14 0.000000 0.010000 
1033 1183 0 351.257666 9 0.000000 0.009000 
1034 227 221 63.008674 12 0.270222 0.616000 
1035 227 274 122.119992 14 0.184228 0.616000 
1036 295 334 84.306753 12 0.000000 0.616000 
1037 1065 1070 94.687077 14 0.000000 0.009000 
1038 1065 1066 86.143750 14 0.000000 0.009000 
1039 278 274 53.862182 14 0.245638 0.616000 
1040 278 295 38.163707 12 0.245638 0.616000 
1041 196 193 53.659569 12 0.000000 0.108000 
1042 138 145 87.352742 12 0.100779 0.493000 
1043 163 160 44.211047 12 0.147821 0.625000 
1044 163 141 104.423359 14 0.134372 0.625000 
1045 198 196 10.789483 12 0.000000 0.108000 
1046 198 227 106.827539 14 0.000000 0.273000 
1047 230 227 27.074708 12 0.245638 0.616000 
1048 230 278 116.527697 12 0.000000 0.010000 
1049 731 757 66.747508 14 0.000000 0.010000 
1050 731 728 98.400463 14 0.000000 0.010000 
1051 716 731 24.393720 14 0.000000 0.010000 
1052 667 629 127.428904 9 0.000000 0.010000 
1053 667 716 110.282939 14 0.000000 0.010000 
1054 202 198 26.849298 12 0.000000 0.108000 
1055 202 230 102.407230 12 0.000000 0.010000 
1056 189 196 46.197639 12 0.000000 0.108000 
1057 189 202 34.539103 12 0.000000 0.108000 
1058 166 163 45.053266 12 0.147821 0.108000 
1059 166 189 80.007282 12 0.000000 0.108000 
1060 166 145 106.635023 14 0.110868 0.625000 
1061 566 629 155.734573 7 0.000000 0.014000 
1062 539 532 160.510574 12 0.000000 0.010000 
1063 539 566 52.880367 7 0.000000 0.010000 
1064 145 181 318.738201 14 0.076673 0.493000 
1065 1273 0 431.078779 14 0.000000 0.010000 
1066 174 166 52.722533 12 0.000000 0.233000 
1067 174 189 91.408009 12 0.000000 0.233000 
1068 728 667 158.875689 9 0.000000 0.010000 
1069 728 721 209.759216 14 0.000000 0.010000 
1070 341 327 133.796815 14 0.000000 0.010000 
1071 341 349 113.808593 12 0.000000 0.010000 
1072 746 728 39.119642 9 0.000000 0.010000 
1073 286 278 121.196985 14 0.000000 0.010000 
1074 286 341 123.049432 12 0.000000 0.010000 
1075 1040 1044 236.131721 14 0.000000 0.010000 
1076 234 230 112.193818 12 0.000000 0.010000 
1077 234 286 116.393554 12 0.000000 0.010000 
1078 461 539 132.077307 7 0.000000 0.010000 
1079 461 393 314.185086 14 0.000000 0.000000 
1080 628 566 129.884721 14 0.000000 0.014000 
1081 204 202 110.320129 12 0.000000 0.010000 
1082 204 234 102.080327 12 0.000000 0.010000 
1083 176 174 58.832633 12 0.064880 0.625000 
1084 176 204 104.457516 12 0.000000 0.233000 
1085 1063 1065 311.477606 14 0.000000 0.009000 
1086 1063 1075 177.405167 14 0.000000 0.009000 
1087 1047 1040 319.267268 14 0.000000 0.010000 
1088 1047 1001 738.676974 14 0.000000 0.010000 
1089 825 746 219.812616 9 0.000000 0.010000 
1090 1001 1040 360.198114 14 0.000000 0.010000 
1091 349 461 244.674796 7 0.000000 0.010000 
1092 349 364 179.256992 12 0.000000 0.010000 
1093 1262 1255 310.580105 9 0.000000 0.010000 
1094 1061 1047 132.655174 14 0.000000 0.010000 
1095 1061 1063 68.751154 14 0.000000 0.009000 
1096 546 539 160.637573 12 0.000000 0.000000 
1097 546 465 157.630020 12 0.000000 0.010000 
1098 240 234 130.758620 12 0.000000 0.010000 
1099 576 546 46.521261 12 0.000000 0.010000 
1100 210 204 132.468228 12 0.000000 0.010000 
1101 210 240 103.415406 12 0.000000 0.010000 
1102 1097 1061 110.784489 14 0.000000 0.009000 
1103 181 176 136.151512 12 0.095164 0.625000 
1104 181 210 98.051853 12 0.000000 0.010000 
1105 895 1086 637.590763 1 0.000000 0.010000 
1106 569 576 34.527145 14 0.000000 0.010000 
1107 1274 1273 215.164716 14 0.000000 0.078000 
1108 1274 0 250.700322 14 0.000000 0.063000 
1109 465 453 150.024489 12 0.000000 0.010000 
1110 1271 1255 611.483784 14 0.000000 0.010000 
1111 1271 1273 427.540725 14 0.000000 0.010000 
1112 247 240 59.659044 12 0.000000 0.010000 
1113 247 349 242.975894 7 0.000000 0.010000 
1114 721 825 350.038227 14 0.000000 0.010000 
1115 721 720 15.527575 14 0.000000 0.010000 
1116 225 247 61.716069 7 0.000000 0.010000 
1117 225 194 133.350106 7 0.000000 0.010000 
1118 212 210 71.927062 12 0.000000 0.010000 
1119 212 225 43.046519 7 0.000000 0.010000 
1120 1176 1183 593.532513 14 0.000000 0.009000 
1121 1177 1176 29.027384 14 0.000000 0.009000 
1122 506 465 83.357698 12 0.000000 0.010000 
1123 506 556 84.489702 12 0.000000 0.010000 
1124 556 546 113.645178 12 0.000000 0.010000 
1125 556 593 53.556063 12 0.000000 0.010000 
1126 393 364 70.686258 14 0.000000 0.000000 
1127 393 400 102.471043 14 0.000000 0.010000 
1128 1142 1176 274.623235 14 0.000000 0.009000 
1129 654 628 250.705481 12 0.000000 0.010000 
1130 654 660 20.933733 12 0.000000 0.010000 
1131 593 627 64.024176 12 0.000000 0.010000 
1132 191 181 90.652496 12 0.000000 0.288000 
1133 191 212 87.172338 7 0.000000 0.010000 
1134 627 576 143.555178 12 0.000000 0.010000 
1135 627 654 78.130992 12 0.000000 0.010000 
1136 194 191 13.247807 12 0.000000 0.010000 
1137 0 217 91.537463 7 0.000000 0.010000 
1138 217 225 37.735032 7 0.000000 0.010000 
1139 280 254 65.611003 13 0.000000 0.000000 
1140 660 764 237.007547 12 0.000000 0.000000 
1141 660 705 181.462295 12 0.000000 0.010000 
1142 364 280 175.003839 13 0.000000 0.000000 
1143 550 556 46.044267 12 0.000000 0.010000 
1144 550 593 67.244863 14 0.000000 0.010000 
1145 194 134 136.830146 7 0.000000 0.010000 
1145 194 134 136.830146 7 0.000000 0.010000 
1146 194 156 144.382625 7 0.000000 0.010000 
1147 254 247 92.889664 12 0.000000 0.010000 
1148 899 825 639.520888 9 0.000000 0.009000 
1149 1270 1262 237.562775 14 0.000000 0.010000 
1150 1270 1271 187.051721 14 0.000000 0.010000 
1151 1270 1267 102.440416 14 0.000000 0.010000 
1152 233 254 59.482835 13 0.000000 0.000000 
1153 154 191 142.792615 7 0.000000 0.288000 
1154 131 191 137.911037 7 0.000000 0.010000 
1155 987 1001 244.014606 14 0.000000 0.010000 
1156 987 932 279.787009 9 0.000000 0.010000 
1157 0 0 6.387610 7 0.000000 0.010000 
1158 367 364 45.696240 12 0.000000 0.010000 
1159 504 506 90.253777 12 0.000000 0.010000 
1160 504 550 91.790152 14 0.000000 0.010000 
1161 504 501 122.061869 12 0.000000 0.010000 
1162 645 627 82.589936 12 0.000000 0.010000 
1163 0 0 8.419190 7 0.000000 0.010000 
1164 1226 1235 394.104742 14 0.000000 0.010000 
1165 1226 1204 372.729465 12 0.000000 0.010000 
1166 1226 1227 36.680298 12 0.000000 0.010000 
1167 453 482 40.775939 12 0.000000 0.010000 
1168 0 0 5.913469 7 0.000000 0.010000 
1169 764 899 481.549665 12 0.000000 0.010000 
1170 0 149 8.125548 7 0.000000 0.010000 
1171 149 134 71.661577 7 0.000000 0.010000 
1172 423 453 71.282370 12 0.000000 0.010000 
1173 423 426 63.876579 13 0.000000 0.010000 
1174 400 423 53.375683 12 0.000000 0.010000 
1175 400 405 49.627337 14 0.000000 0.010000 
1176 369 367 23.598394 12 0.000000 0.010000 
1177 369 400 51.707238 12 0.000000 0.010000 
1178 131 36 1006.089012 14 0.000000 0.000000 
1179 131 0 81.779831 7 0.000000 0.010000 
1180 1267 1262 254.046568 9 0.000000 0.010000 
1181 1267 1260 59.294856 12 0.000000 0.010000 
1182 203 194 82.365837 12 0.000000 0.010000 
1183 203 233 112.940677 13 0.000000 0.000000 
1184 320 367 106.473445 14 0.000000 0.010000 
1185 0 131 39.166096 14 0.000000 0.000000 
1186 134 0 28.409727 7 0.000000 0.010000 
1187 575 550 138.156482 12 0.000000 0.010000 
1188 575 627 150.348903 12 0.000000 0.010000 
1189 300 280 114.264956 12 0.000000 0.010000 
1190 300 320 48.288629 12 0.000000 0.010000 
1191 373 369 35.947758 12 0.000000 0.010000 
1192 373 380 96.631995 12 0.000000 0.010000 
1193 195 127 0.399282 14 0.000000 0.010000 
1194 657 645 73.801604 12 0.000000 0.010000 
1195 1217 1227 72.662852 12 0.000000 0.010000 
1196 1236 1231 75.475414 12 0.000000 0.010000 
1197 405 373 57.009975 14 0.000000 0.010000 
1198 405 426 54.814962 14 0.000000 0.010000 
1199 206 203 38.952563 12 0.000000 0.010000 
1200 206 171 134.157762 13 0.000000 0.010000 
1201 1275 1274 217.403852 14 0.000000 0.078000 
1202 1275 0 232.036803 7 0.000000 0.078000 
1203 1228 1227 40.581951 12 0.000000 0.010000 
1204 1228 1236 42.346068 12 0.000000 0.010000 
1205 1245 1240 486.134465 14 0.000000 0.010000 
1206 1245 1260 158.111873 12 0.000000 0.010000 
1207 1245 1232 315.583040 12 0.000000 0.010000 
1208 245 233 114.142054 12 0.000000 0.010000 
1209 245 300 121.136851 12 0.000000 0.010000 
1210 245 260 101.569862 12 0.000000 0.010000 
1211 705 804 229.984862 14 0.000000 0.000000 
1212 705 765 201.844173 12 0.000000 0.010000 
1213 1219 1228 75.206649 12 0.000000 0.010000 
1214 165 203 145.014185 14 0.000000 0.000000 
1215 1261 1260 58.337909 13 0.000000 0.010000 
1216 1229 1228 37.822738 12 0.000000 0.010000 
1217 932 899 259.463535 9 0.000000 0.010000 
1218 1257 1261 46.448637 13 0.000000 0.010000 
1219 1257 1258 34.855707 13 0.000000 0.010000 
1220 458 453 110.826732 12 0.000000 0.010000 
1221 458 501 67.046693 12 0.000000 0.010000 
1222 458 445 106.917660 12 0.000000 0.010000 
1223 209 206 52.498722 12 0.000000 0.010000 
1224 209 245 112.965714 12 0.000000 0.010000 
1225 209 185 235.880913 12 0.000000 0.010000 
1226 1249 1248 44.183274 12 0.000000 0.010000 
1227 1249 1257 48.018540 12 0.000000 0.010000 
1228 501 571 108.354142 12 0.000000 0.010000 
1229 1238 1236 58.132605 12 0.000000 0.010000 
1230 804 764 155.124120 12 0.001358 1.823000 
1231 1216 1220 34.918332 12 0.000000 0.010000 
1232 682 657 81.833294 12 0.000000 0.010000 
1233 682 705 66.701777 12 0.000000 0.010000 
1234 571 575 81.283777 12 0.000000 0.010000 
1235 328 320 99.192513 12 0.000000 0.010000 
1236 328 310 42.619441 12 0.000000 0.010000 
1237 1222 1229 72.963858 12 0.000000 0.010000 
1238 1263 1261 43.525370 13 0.000000 0.010000 
1239 1258 1263 43.700544 13 0.000000 0.010000 
1240 310 300 100.739362 12 0.000000 0.010000 
1241 310 260 118.286635 12 0.000000 0.010000 
1242 1232 1229 37.660956 12 0.000000 0.010000 
1243 1232 1218 110.156692 12 0.000000 0.010000 
1244 1199 1194 318.868275 12 0.000000 0.010000 
1245 1199 1216 101.068742 12 0.000000 0.010000 
1246 380 328 97.969079 12 0.000000 0.010000 
1247 1250 1249 36.240118 12 0.000000 0.010000 
1248 1250 1258 48.760334 13 0.000000 0.010000 
1249 1272 1271 304.975308 14 0.000000 0.010000 
1250 1272 1275 325.928678 7 0.000000 0.010000 
1251 1201 1199 25.440741 12 0.000000 0.010000 
1252 1201 1213 111.913256 12 0.000000 0.010000 
1253 1264 1263 33.670029 13 0.000000 0.010000 
1254 1181 1177 278.349185 14 0.000000 0.010000 
1255 1181 1185 78.309374 14 0.000000 0.010000 
1256 1251 1250 27.418083 13 0.000000 0.010000 
1257 260 218 113.490405 12 0.000000 0.010000 
1258 1259 1258 38.384239 13 0.000000 0.010000 
1259 1259 1264 45.104572 13 0.000000 0.010000 
1260 1178 1181 43.185164 14 0.000000 0.010000 
1261 1252 1251 6.513367 13 0.000000 0.010000 
1262 1252 1259 47.990136 13 0.000000 0.010000 
1263 560 571 60.711973 12 0.000000 0.010000 
1264 901 804 409.773504 12 0.000000 0.000000 
1265 901 932 193.703401 14 0.000000 0.010000 
1266 1185 1177 325.171096 13 0.000000 0.010000 
1267 419 380 97.252755 12 0.000000 0.010000 
1268 419 426 116.704327 13 0.000000 0.010000 
1269 1246 1251 57.437817 12 0.000000 0.010000 
1270 1218 1216 71.188098 12 0.000000 0.010000 
1271 1218 1213 50.208356 12 0.000000 0.010000 
1272 1265 1264 22.782279 13 0.000000 0.010000 
1273 1265 1268 46.610452 14 0.000000 0.010000 
1274 1265 1266 79.629313 13 0.000000 0.010000 
1275 1186 1185 33.993581 13 0.000000 0.010000 
1276 218 209 103.148520 12 0.000000 0.010000 
1277 218 185 111.090051 14 0.000000 0.010000 
1278 445 419 68.382897 12 0.000000 0.010000 
1279 1213 1200 72.480927 12 0.000000 0.010000 
1280 1012 987 315.164474 9 0.000000 0.010000 
1281 1012 1014 205.546542 14 0.000000 0.010000 
1282 708 682 131.732506 12 0.000000 0.010000 
1283 324 310 98.492361 12 0.000000 0.010000 
1284 1200 1201 66.747115 12 0.000000 0.010000 
1285 1200 1198 39.097082 12 0.000000 0.010000 
1286 1198 1190 148.477741 12 0.000000 0.010000 
1287 1198 1205 105.934477 12 0.000000 0.010000 
1288 185 197 97.666172 14 0.000000 0.000000 
1289 1269 1267 235.091687 9 0.000000 0.010000 
1290 1269 1272 301.909917 7 0.000000 0.010000 
1291 503 445 102.379629 12 0.000000 0.010000 
1292 503 560 142.348945 14 0.000000 0.010000 
1293 1242 1254 176.562400 7 0.000000 0.010000 
1294 652 657 247.838028 13 0.000000 0.010000 
1295 652 682 152.933764 12 0.000000 0.010000 
1296 271 260 97.973095 12 0.000000 0.010000 
1297 271 324 119.147465 12 0.000000 0.010000 
1298 1266 1269 53.819708 7 0.000000 0.010000 
1299 1254 1252 95.049574 7 0.000000 0.010000 
1300 1221 1205 114.175296 12 0.000000 0.010000 
1301 540 503 66.130981 12 0.000000 0.010000 
1302 540 560 107.554693 12 0.000000 0.010000 
1303 1190 1186 129.847838 13 0.000000 0.010000 
1304 1256 1254 25.199854 7 0.000000 0.010000 
1305 1256 1266 75.561971 7 0.000000 0.010000 
1306 727 708 70.741571 12 0.000000 0.010000 
1307 727 765 86.014408 13 0.000000 0.010000 
1308 1166 1132 204.779265 14 0.000000 0.010000 
1309 1166 1169 294.632501 14 0.000000 0.010000 
1310 360 328 187.162800 12 0.000000 0.010000 
1311 360 380 182.622353 12 0.000000 0.010000 
1312 643 652 56.838142 12 0.000000 0.010000 
1313 643 630 37.634535 12 0.000000 0.010000 
1314 643 671 116.392722 12 0.000000 0.010000 
1315 224 218 97.456964 12 0.000000 0.010000 
1316 224 271 116.380759 12 0.000000 0.010000 
1317 1223 1230 64.785708 12 0.000000 0.010000 
1318 1243 1241 18.920573 7 0.000000 0.010000 
1319 1188 1186 110.830056 12 0.000000 0.010000 
1320 1188 1190 76.584048 12 0.000000 0.010000 
1321 1234 1224 62.077334 7 0.000000 0.010000 
1322 338 324 85.694538 12 0.000000 0.010000 
1323 338 360 50.335268 12 0.000000 0.010000 
1324 630 605 45.527538 12 0.000000 0.010000 
1325 630 671 303.126554 12 0.000000 0.010000 
1326 1205 1206 14.653393 12 0.000000 0.010000 
1327 605 540 112.587008 12 0.000000 0.010000 
1328 605 645 362.989788 13 0.000000 0.010000 
1329 1169 1166 31.965763 14 0.000000 0.010000 
1330 1224 1223 27.719176 12 0.000000 0.010000 
1331 1192 1190 62.152116 13 0.000000 0.010000 
1332 1206 1211 23.399478 12 0.000000 0.010000 
1333 197 224 108.467387 13 0.000000 0.010000 
1334 197 216 104.280261 14 0.000000 0.000000 
1335 1239 1243 180.724777 7 0.000000 0.010000 
1336 1244 1243 45.416562 7 0.000000 0.010000 
1337 1244 1256 167.706213 7 0.000000 0.010000 
1338 284 271 86.924312 12 0.000000 0.010000 
1339 284 338 121.754462 12 0.000000 0.010000 
1340 1211 1223 112.198767 12 0.000000 0.010000 
1341 1189 1188 62.189861 12 0.000000 0.010000 
1342 1189 1192 103.685271 13 0.000000 0.010000 
1343 1212 1211 31.102302 13 0.000000 0.010000 
1344 1212 1197 145.902903 13 0.000000 0.010000 
1345 1212 1215 222.914023 7 0.000000 0.010000 
1346 671 708 191.301166 12 0.000000 0.010000 
1347 671 702 71.252726 12 0.000000 0.010000 
1348 235 224 87.405695 12 0.000000 0.010000 
1349 235 284 116.721287 12 0.000000 0.010000 
1350 1087 882 553.042530 1 0.000000 0.008000 
1351 1233 1224 78.734419 7 0.000000 0.010000 
1352 1233 1225 52.131529 7 0.000000 0.010000 
1353 702 727 120.759123 12 0.000000 0.010000 
1354 702 727 325.283710 12 0.000000 0.010000 
1355 1195 1192 84.648869 13 0.000000 0.010000 
1356 1195 1206 137.725716 13 0.000000 0.010000 
1357 216 235 66.480781 14 0.000000 0.010000 
1358 216 208 34.420262 14 0.000000 0.000000 
1359 216 301 213.922686 14 0.000000 0.000000 
1360 486 406 177.936811 12 0.000000 0.010000 
1361 1196 1195 35.699428 13 0.000000 0.010000 
1362 1196 1211 141.786941 13 0.000000 0.010000 
1363 1237 1233 54.793467 7 0.000000 0.010000 
1364 1237 1244 248.753124 7 0.000000 0.010000 
1365 1197 1196 27.153847 13 0.000000 0.010000 
1366 1215 1212 74.947915 7 0.000000 0.010000 
1367 1086 1058 78.903004 1 0.000000 0.010000 
1368 1086 1083 91.155794 2 0.000000 0.010000 
1369 406 360 198.746586 12 0.000000 0.010000 
1370 406 387 35.616032 14 0.000000 0.010000 
1371 1074 1087 124.071848 2 0.000000 0.010000 
1372 1095 1053 794.912739 9 0.000000 0.010000 
1373 387 318 144.741064 14 0.000000 0.010000 
1374 387 366 193.718225 14 0.000000 0.010000 
1375 1049 1091 39.605386 2 0.000000 0.010000 
1376 1059 1087 140.778877 1 0.000000 0.010000 
1377 1210 1215 83.795443 7 0.000000 0.010000 
1378 1210 1237 213.878819 7 0.000000 0.010000 
1379 1203 1197 115.810073 13 0.000000 0.010000 
1380 1203 1210 45.622106 7 0.000000 0.010000 
1381 318 387 355.720598 14 0.000000 0.010000 
1382 169 195 96.451614 14 0.000000 0.000000 
1383 1175 1169 312.071843 14 0.000000 0.010000 
1384 1175 1085 1324.457122 14 0.000000 0.010000 
1385 1175 1179 204.649381 14 0.000000 0.010000 
1386 329 318 40.224826 14 0.000000 0.010000 
1387 329 366 102.808524 14 0.000000 0.010000 
1388 318 264 0.757543 14 0.000000 0.010000 
1389 264 213 41.710310 14 0.000000 0.000000 
1390 1083 1078 277.256894 2 0.000000 0.010000 
1391 1083 1091 441.924326 2 0.000000 0.010000 
1392 948 901 524.806875 12 0.000000 0.010000 
1393 948 992 175.606047 14 0.000000 0.010000 
1394 126 112 189.293834 14 0.000000 0.075000 
1395 126 169 180.529029 14 0.000000 0.000000 
1396 1191 1189 262.680606 12 0.000000 0.010000 
1397 1191 1203 168.274412 7 0.000000 0.010000 
1398 114 126 67.116081 14 0.000000 0.000000 
1399 213 195 130.587376 14 0.000000 0.010000 
1400 285 235 66.910660 12 0.000000 0.010000 
1401 285 329 115.025988 14 0.000000 0.010000 
1402 992 995 90.152862 14 0.000000 0.010000 
1403 992 1042 589.187967 14 0.000000 0.010000 
1404 366 413 138.608869 14 0.000000 0.010000 
1405 816 879 311.104503 14 0.000000 0.010000 
1406 1053 1028 797.966053 9 0.000000 0.010000 
1407 1028 1012 164.713624 9 0.000000 0.010000 
1408 1053 1049 236.036329 14 0.000000 0.010000 
1409 0 114 328.990052 14 0.000000 0.000000 
1410 446 424 71.451552 14 0.000000 0.010000 
1411 1179 1184 67.687491 7 0.000000 0.010000 
1412 1184 1191 237.291559 7 0.000000 0.010000 
1413 413 446 90.624638 14 0.000000 0.010000 
1414 1072 1074 53.332091 2 0.000000 0.010000 
1415 301 307 56.861586 14 0.000000 0.010000 
1416 471 446 59.536141 14 0.000000 0.010000 
1417 424 413 40.305154 14 0.000000 0.010000 
1418 1136 1140 85.956670 7 0.000000 0.010000 
1419 1167 1165 29.795920 7 0.000000 0.010000 
1420 1167 1168 33.465528 7 0.000000 0.010000 
1421 275 301 50.836831 14 0.000000 0.010000 
1422 275 290 60.491540 14 0.000000 0.010000 
1423 356 285 223.686920 12 0.000000 0.000000 
1424 356 413 118.807525 14 0.000000 0.010000 
1425 432 424 30.468240 14 0.000000 0.010000 
1426 432 471 78.168460 14 0.000000 0.010000 
1427 1146 1143 40.193352 7 0.000000 0.010000 
1428 1146 1167 92.973735 7 0.000000 0.010000 
1429 1172 1167 113.823249 7 0.000000 0.010000 
1430 1172 1179 148.199097 7 0.000000 0.010000 
1431 1168 1147 91.885013 7 0.000000 0.010000 
1432 1168 1171 31.256230 7 0.000000 0.010000 
1433 347 356 27.683497 14 0.000000 0.000000 
1434 347 384 89.500348 14 0.000000 0.000000 
1435 879 765 665.435832 12 0.000000 0.010000 
1436 307 290 49.284188 14 0.000000 0.010000 
1437 1078 1073 100.276192 2 0.000000 0.009000 
1438 1147 1146 36.537722 7 0.000000 0.010000 
1439 290 297 40.011288 14 0.000000 0.010000 
1440 332 347 45.373815 14 0.000000 0.010000 
1441 332 351 74.510309 14 0.000000 0.010000 
1442 188 169 309.388720 14 0.000000 0.060000 
1443 188 207 136.016566 14 0.000000 0.203000 
1444 188 183 183.007383 14 0.000000 0.010000 
1445 1171 1172 75.610869 7 0.000000 0.010000 
1446 386 356 76.623635 12 0.000000 0.010000 
1447 386 432 118.279959 14 0.000000 0.010000 
1448 1148 1147 19.775637 7 0.000000 0.010000 
1449 1148 1140 32.390987 7 0.000000 0.010000 
1450 269 275 101.923125 14 0.000000 0.010000 
1451 269 290 39.491711 14 0.000000 0.010000 
1452 315 307 38.362743 14 0.000000 0.010000 
1453 315 332 39.501647 14 0.000000 0.010000 
1454 499 471 99.574180 14 0.000000 0.010000 
1455 1140 1134 30.381045 7 0.000000 0.010000 
1456 1134 1127 80.233688 7 0.000000 0.010000 
1457 1134 1131 7.186363 7 0.000000 0.010000 
1458 1105 1095 327.976920 9 0.000000 0.010000 
1459 1105 1110 136.370493 9 0.000000 0.010000 
1460 396 386 35.369071 12 0.000000 0.010000 
1461 297 315 46.064462 14 0.000000 0.010000 
1462 457 432 96.866573 14 0.000000 0.010000 
1463 457 415 113.222744 14 0.000000 0.010000 
1464 152 126 297.643605 14 0.000000 0.010000 
1465 152 130 106.477001 14 0.057853 0.344000 
1466 152 170 154.615418 14 0.000000 0.255000 
1467 384 396 30.580521 14 0.000000 0.000000 
1468 384 351 53.804347 14 0.000000 0.000000 
1469 1150 1148 34.071611 7 0.000000 0.010000 
1470 1150 1171 95.398562 7 0.000000 0.010000 
1471 462 457 24.460945 14 0.000000 0.010000 
1472 462 499 69.565856 14 0.000000 0.010000 
1473 351 311 97.560604 14 0.000000 0.010000 
1474 984 948 337.647472 12 0.000000 0.010000 
1475 984 1042 508.846766 7 0.000000 0.008000 
1476 1110 1150 191.631785 7 0.000000 0.010000 
1477 130 114 300.887985 14 0.032147 0.344000 
1478 1045 1042 63.173130 7 0.000000 0.010000 
1479 1104 1105 51.512932 14 0.000000 0.010000 
1480 1104 1110 141.051968 7 0.000000 0.010000 
1481 1104 1096 260.744411 7 0.000000 0.010000 
1482 1096 1091 64.883813 7 0.000000 0.010000 
1483 1096 1107 406.398293 14 0.000000 0.010000 
1484 1091 1076 328.924945 7 0.000000 0.009000 
1485 1091 1079 387.125593 2 0.000000 0.009000 
1486 1091 1067 486.839598 2 0.000000 0.009000 
1487 1068 1072 171.305074 2 0.000000 0.010000 
1488 1068 1049 166.216219 7 0.000000 0.010000 
1489 1076 1068 66.931646 7 0.000000 0.010000 
1490 1076 1078 382.512875 2 0.000000 0.010000 
1491 1049 1045 147.883656 7 0.000000 0.010000 
1492 1049 1072 292.435312 2 0.000000 0.010000 
1493 936 879 356.290181 12 0.000000 0.010000 
1494 936 984 190.521483 7 0.000000 0.008000 
1495 415 396 62.164531 12 0.000000 0.000000 
1496 415 384 87.437710 14 0.000000 0.000000 
1497 308 297 57.745107 14 0.000000 0.010000 
1498 308 269 136.060173 14 0.000000 0.000000 
1499 220 220 370.704606 14 0.000000 0.203000 
1500 551 533 71.349929 14 0.000000 0.010000 
1501 551 561 25.497668 14 0.000000 0.010000 
1502 588 406 569.549108 12 0.000000 0.010000 
1503 311 308 11.829301 14 0.000000 0.010000 
1504 311 371 153.832988 14 0.000000 0.010000 
1505 371 351 48.259631 12 0.000000 0.010000 
1506 115 130 78.776209 14 0.085744 0.605000 
1507 115 0 188.017247 14 0.051444 0.605000 
1508 1048 1045 144.517139 2 0.000000 0.010000 
1509 418 415 25.963922 12 0.000000 0.000000 
1510 418 462 111.282986 12 0.000000 0.010000 
1511 561 588 31.909320 14 0.000000 0.010000 
1512 561 596 98.420439 14 0.000000 0.010000 
1513 211 220 42.783627 14 0.000000 0.010000 
1514 211 246 252.999934 14 0.000000 0.010000 
1515 207 211 22.296431 14 0.000000 0.000000 
1516 207 201 27.738688 14 0.000000 0.000000 
1517 524 499 124.674843 14 0.000000 0.010000 
1518 524 551 55.292935 14 0.000000 0.010000 
1519 524 561 70.778475 13 0.000000 0.010000 
1520 524 495 50.252954 14 0.000000 0.010000 
1521 383 371 30.227990 12 0.000000 0.010000 
1522 383 418 82.179958 13 0.000000 0.010000 
1523 201 188 133.583199 14 0.000000 0.010000 
1524 602 588 50.771357 14 0.000000 0.008000 
1525 495 462 98.476946 14 0.000000 0.010000 
1526 495 434 112.274893 14 0.000000 0.000000 
1527 183 201 41.210285 14 0.000000 0.010000 
1528 394 383 40.156513 12 0.000000 0.010000 
1529 394 374 38.482701 12 0.000000 0.010000 
1530 1073 1076 335.082744 2 0.000000 0.009000 
1531 1073 1067 160.205935 2 0.000000 0.009000 
1532 618 602 45.054205 14 0.000000 0.008000 
1533 374 333 82.976040 12 0.000000 0.010000 
1534 170 183 75.042965 14 0.000000 0.010000 
1535 434 418 86.749541 12 0.000000 0.000000 
1536 596 618 50.834932 12 0.000000 0.010000 
1537 596 548 73.437084 12 0.000000 0.010000 
1538 1046 1042 227.409091 14 0.000000 0.010000 
1539 1046 1048 96.152196 14 0.000000 0.010000 
1540 388 374 31.849236 14 0.000000 0.010000 
1541 440 434 34.057190 12 0.000000 0.010000 
1542 293 213 475.850223 14 0.000000 0.000000 
1543 293 383 198.596675 13 0.000000 0.010000 
1544 293 276 44.061596 14 0.000000 0.000000 
1545 293 350 456.265741 14 0.000000 0.000000 
1546 442 440 9.969755 12 0.000000 0.000000 
1547 410 394 80.264028 12 0.000000 0.010000 
1548 339 333 30.058517 14 0.000000 0.010000 
1549 339 388 91.364140 14 0.000000 0.010000 
1550 339 346 48.487176 14 0.000000 0.010000 
1551 402 388 44.511900 14 0.000000 0.010000 
1552 402 410 23.157037 14 0.000000 0.000000 
1553 276 259 81.994318 14 0.000000 0.000000 
1554 529 495 112.214660 14 0.000000 0.010000 
1555 529 548 39.781087 12 0.000000 0.010000 
1556 416 410 24.204836 12 0.000000 0.010000 
1557 416 442 74.865745 12 0.000000 0.010000 
1558 314 333 94.236236 12 0.000000 0.010000 
1559 314 339 64.202264 14 0.000000 0.010000 
1560 1107 1104 202.575681 14 0.000000 0.010000 
1561 1107 1110 254.297732 7 0.000000 0.010000 
1562 880 879 293.634223 14 0.000000 0.010000 
1563 880 936 390.640030 4 0.000000 0.008000 
1564 880 602 727.428594 14 0.000000 0.010000 
1565 880 862 633.767127 7 0.000000 0.010000 
1566 1057 1046 110.961959 14 0.000000 0.010000 
1567 1057 1048 211.460222 2 0.000000 0.010000 
1568 490 440 100.545245 14 0.000000 0.000000 
1569 490 529 73.418770 12 0.000000 0.000000 
1570 346 402 103.331170 14 0.000000 0.010000 
1571 346 314 104.100123 14 0.000000 0.010000 
1572 282 276 40.059947 14 0.000000 0.000000 
1573 282 252 166.678089 14 0.000000 0.107000 
1574 1060 1045 384.300394 2 0.000000 0.010000 
1575 1060 1068 214.611249 2 0.000000 0.010000 
1576 1071 1057 33.072275 14 0.000000 0.010000 
1577 1059 1060 4.371455 2 0.000000 0.010000 
1578 460 442 80.026576 12 0.000000 0.000000 
1579 460 490 41.879177 12 0.000000 0.000000 
1580 1079 1112 810.037663 14 0.000000 0.010000 
1581 259 282 60.079513 14 0.000000 0.107000 
1582 656 618 181.176000 14 0.000000 0.008000 
1583 1071 1079 17.947510 14 0.000000 0.009000 
1584 246 259 72.891010 14 0.000000 0.000000 
1585 246 252 38.959383 14 0.000000 0.000000 
1586 1092 1071 31.108487 14 0.000000 0.009000 
1587 215 246 94.607244 14 0.000000 0.000000 
1588 215 170 301.511863 14 0.000000 0.005000 
1589 146 130 300.448458 14 0.000000 0.255000 
1590 252 238 191.538101 14 0.000000 0.107000 
1591 136 115 298.310989 14 0.000000 0.468000 
1592 136 146 50.850427 14 0.000000 0.255000 
1593 136 119 75.829342 14 0.072969 0.468000 
1594 679 656 74.820081 14 0.000000 0.010000 
1595 0 146 191.350000 14 0.000000 0.255000 
1596 572 490 195.102535 14 0.000000 0.000000 
1597 572 548 220.030241 14 0.000000 0.010000 
1598 0 146 62.071952 14 0.000000 0.000000 
1599 1067 1058 417.637091 2 0.000000 0.009000 
1600 598 572 54.031263 14 0.000000 0.000000 
1601 598 656 190.609009 12 0.000000 0.010000 
1602 1112 1107 215.113966 7 0.000000 0.010000 
1603 518 460 193.659083 12 0.000000 0.010000 
1604 518 572 102.577092 14 0.000000 0.010000 
1605 518 416 351.489318 12 0.000000 0.010000 
1606 619 598 53.371361 14 0.000000 0.000000 
1607 619 679 174.883753 14 0.000000 0.010000 
1608 534 518 60.432431 12 0.000000 0.010000 
1609 534 598 118.445941 12 0.000000 0.010000 
1610 534 0 328.405611 12 0.000000 0.010000 
1611 638 619 52.472735 14 0.000000 0.000000 
1612 238 229 33.899112 14 0.000000 0.107000 
1613 229 215 188.980806 14 0.000000 0.107000 
1614 0 229 32.509442 14 0.000000 0.107000 
1615 610 638 67.186368 14 0.000000 0.000000 
1616 587 610 40.461026 14 0.000000 0.010000 
1617 587 592 25.131053 14 0.000000 0.010000 
1618 547 534 55.077474 12 0.000000 0.010000 
1619 547 587 55.230381 14 0.000000 0.010000 
1620 335 238 277.850278 14 0.000000 0.107000 
1621 505 547 73.475163 14 0.000000 0.010000 
1622 741 679 250.952221 12 0.000000 0.010000 
1623 488 505 37.206087 14 0.000000 0.010000 
1624 0 534 327.295260 12 0.000000 0.010000 
1625 449 488 59.931318 14 0.000000 0.010000 
1626 350 256 0.228746 12 0.055776 0.328000 
1627 365 350 0.126572 14 0.031361 0.328000 
1628 244 534 0.186407 12 0.000000 0.010000 
1629 256 244 24.853789 12 0.027885 0.328000 
1630 691 638 231.291163 14 0.000000 0.010000 
1631 691 741 109.799654 14 0.000000 0.010000 
1632 1125 1112 205.212563 7 0.000000 0.010000 
1633 417 449 83.417551 14 0.000000 0.010000 
1634 417 489 248.651098 14 0.000000 0.010000 
1635 1129 1125 19.936229 7 0.000000 0.010000 
1636 676 638 174.502541 14 0.000000 0.000000 
1637 676 691 46.484492 14 0.000000 0.010000 
1638 1113 1125 68.671855 7 0.000000 0.010000 
1639 1113 1114 20.204651 7 0.000000 0.010000 
1640 639 610 149.635186 14 0.000000 0.010000 
1641 639 676 94.116315 12 0.000000 0.010000 
1642 1114 1129 69.354847 7 0.000000 0.010000 
1643 1114 1117 41.196058 7 0.000000 0.010000 
1644 363 417 116.401369 14 0.000000 0.010000 
1645 363 545 581.242320 14 0.000000 0.000000 
1646 1135 1129 40.561992 7 0.000000 0.010000 
1647 244 229 166.571563 14 0.000000 0.107000 
1648 244 350 253.883863 12 0.000000 0.107000 
1649 244 0 240.797092 12 0.000000 0.010000 
1650 1117 1135 71.879264 7 0.000000 0.010000 
1651 1117 1118 20.970687 7 0.000000 0.010000 
1652 604 547 182.134131 12 0.000000 0.010000 
1653 604 639 81.685700 12 0.000000 0.010000 
1654 1100 1113 396.512487 14 0.000000 0.010000 
1655 1139 1135 52.790925 7 0.000000 0.010000 
1656 1118 1128 41.621434 7 0.000000 0.010000 
1657 1118 1120 17.920754 7 0.000000 0.010000 
1658 248 244 42.004467 14 0.027885 0.328000 
1659 248 363 249.788766 14 0.031361 0.328000 
1660 558 505 188.808180 14 0.000000 0.010000 
1661 558 604 75.298341 12 0.000000 0.010000 
1662 1120 1139 78.514216 7 0.000000 0.010000 
1663 1120 1121 40.881802 7 0.000000 0.010000 
1664 489 449 161.973999 14 0.000000 0.010000 
1665 1145 1139 42.532939 7 0.000000 0.010000 
1666 541 488 200.812609 14 0.000000 0.010000 
1667 541 558 41.290955 12 0.000000 0.000000 
1668 1121 1145 86.535315 7 0.000000 0.010000 
1669 1121 1122 36.400059 7 0.000000 0.010000 
1670 530 489 75.673578 14 0.000000 0.010000 
1671 530 541 37.111303 12 0.000000 0.010000 
1672 1149 1145 38.699074 7 0.000000 0.010000 
1673 631 604 110.658292 12 0.000000 0.010000 
1674 1054 1057 570.252606 14 0.000000 0.010000 
1675 1151 1149 20.936010 7 0.000000 0.010000 
1676 1151 1123 98.279017 7 0.000000 0.010000 
1677 1122 1149 93.743865 7 0.000000 0.010000 
1678 1122 1123 18.602411 7 0.000000 0.010000 
1679 1123 1126 24.833699 7 0.000000 0.010000 
1680 1152 1151 22.357397 7 0.000000 0.010000 
1681 862 0 100.149731 12 0.000000 0.010000 
1682 1058 0 238.428525 1 0.000000 0.010000 
1683 737 676 239.488302 12 0.000000 0.000000 
1684 512 530 57.355565 12 0.000000 0.010000 
1685 512 514 230.640517 14 0.000000 0.010000 
1686 601 541 110.782727 13 0.000000 0.010000 
1687 514 631 89.209621 13 0.000000 0.010000 
1688 1126 1152 103.075232 7 0.000000 0.010000 
1689 1126 1130 34.997710 7 0.000000 0.010000 
1690 1154 1152 32.329566 7 0.000000 0.010000 
1691 1154 1130 109.031978 7 0.000000 0.010000 
1692 745 737 42.687093 12 0.000000 0.000000 
1693 745 703 88.440431 14 0.000000 0.043000 
1694 699 737 84.799009 14 0.000000 0.000000 
1695 699 684 47.010249 14 0.000000 0.043000 
1696 788 741 340.258343 12 0.000000 0.008000 
1697 788 795 28.813562 14 0.000000 0.010000 
1698 1130 1133 34.353870 7 0.000000 0.010000 
1699 1157 1154 33.980545 7 0.000000 0.010000 
1700 703 699 17.667695 14 0.000000 0.043000 
1701 703 684 48.069356 14 0.000000 0.043000 
1702 703 707 31.372094 14 0.000000 0.043000 
1703 1155 1157 14.171244 7 0.000000 0.010000 
1704 1155 1158 66.131702 7 0.000000 0.010000 
1705 1094 1092 125.942101 14 0.000000 0.010000 
1706 1094 1062 817.726463 14 0.000000 0.010000 
1707 514 512 63.119529 12 0.000000 0.010000 
1708 749 745 29.350518 12 0.000000 0.000000 
1709 749 788 85.612240 14 0.000000 0.010000 
1710 684 655 66.861202 14 0.000000 0.043000 
1711 795 802 27.348871 14 0.000000 0.009000 
1712 1159 1157 25.195894 7 0.000000 0.010000 
1713 601 625 72.238093 14 0.000000 0.010000 
1714 601 607 71.345114 13 0.000000 0.000000 
1715 822 1054 1604.820638 14 0.000000 0.009000 
1716 754 749 18.411784 14 0.000000 0.000000 
1717 754 795 97.878003 14 0.000000 0.009000 
1718 1133 1155 98.729971 7 0.000000 0.010000 
1719 1133 1137 61.307166 7 0.000000 0.010000 
1720 802 822 138.854355 14 0.000000 0.009000 
1721 0 248 213.462433 14 0.059333 0.328000 
1722 655 631 151.554702 12 0.000000 0.010000 
1723 0 862 108.122034 7 0.000000 0.010000 
1724 799 862 121.007848 12 0.000000 0.010000 
1725 1158 1137 99.390288 7 0.000000 0.010000 
1726 1158 1162 56.194003 7 0.000000 0.010000 
1727 753 754 38.816779 14 0.000000 0.009000 
1728 753 802 122.103553 14 0.000000 0.009000 
1729 625 655 87.528018 14 0.000000 0.010000 
1730 625 607 41.582685 14 0.000000 0.010000 
1731 531 514 74.392440 12 0.000000 0.010000 
1732 531 601 128.082213 14 0.000000 0.010000 
1733 1137 1141 55.750678 7 0.000000 0.010000 
1734 607 545 108.443343 14 0.000000 0.010000 
1735 607 1076 91.130200 13 0.000000 0.010000 
1736 1025 1029 17.584287 14 0.000000 0.010000 
1737 1162 1164 17.898705 7 0.000000 0.010000 
1738 1162 1141 98.138123 7 0.000000 0.010000 
1739 752 753 70.694729 14 0.000000 0.000000 
1740 1164 1159 122.588147 7 0.000000 0.010000 
1741 1141 1144 61.648727 7 0.000000 0.010000 
1742 545 531 71.600875 12 0.000000 0.010000 
1743 545 1276 164.245089 12 0.000000 0.010000 
1744 683 655 123.049837 12 0.000000 0.043000 
1745 683 752 149.551765 14 0.000000 0.010000 
1746 822 752 180.058337 14 0.000000 0.010000 
1747 822 752 371.653498 14 0.000000 0.010000 
1748 1174 1159 189.458429 9 0.000000 0.010000 
1749 952 1025 334.512135 14 0.000000 0.009000 
1750 1062 1051 45.692066 14 0.000000 0.010000 
1751 1062 1064 239.339433 14 0.000000 0.010000 
1752 0 1059 475.675477 1 0.000000 0.010000 
1753 1163 1174 123.661707 14 0.000000 0.010000 
1754 1163 1156 71.453386 13 0.000000 0.010000 
1755 1051 1054 276.521041 14 0.000000 0.009000 
1756 1051 1025 532.007742 14 0.000000 0.010000 
1757 1051 1052 65.985594 14 0.000000 0.010000 
1758 1052 1055 145.210777 14 0.000000 0.010000 
1759 0 683 39.827571 12 0.000000 0.010000 
1760 1276 641 71.966411 14 0.000000 0.000000 
1761 641 625 84.695968 14 0.000000 0.010000 
1762 1153 1164 68.474024 7 0.000000 0.010000 
1763 1153 1163 43.642860 14 0.000000 0.010000 
1764 1144 1153 44.478568 7 0.000000 0.010000 
1765 1109 1092 548.045389 14 0.000000 0.010000 
1766 1109 1144 195.342244 7 0.000000 0.010000 
1767 1156 1138 90.527429 13 0.000000 0.010000 
1768 1108 1109 33.488603 7 0.000000 0.010000 
1769 1138 1108 220.936447 13 0.000000 0.010000 
1770 1103 1094 350.269985 14 0.000000 0.010000 
1771 1103 1108 231.761101 7 0.000000 0.010000 
1772 1099 1103 32.039773 7 0.000000 0.010000 
1773 1098 1099 35.381195 7 0.000000 0.010000 
1774 1160 1138 112.811110 14 0.000000 0.010000 
1775 1160 1156 113.025155 14 0.000000 0.010000 
1776 1101 1098 42.040814 14 0.000000 0.010000 
1777 1101 1099 32.372057 14 0.000000 0.010000 
1778 0 784 114.849382 14 0.000000 0.010000 
1779 1170 1160 50.229643 13 0.000000 0.010000 
1780 1089 1062 597.452474 14 0.000000 0.010000 
1781 1089 1098 196.252592 7 0.000000 0.010000 
1782 1180 1170 234.568233 13 0.000000 0.010000 
1783 1180 1174 303.348782 9 0.000000 0.010000 
1784 1102 1101 131.940069 14 0.000000 0.010000 
1785 838 858 54.176406 14 0.000000 0.010000 
1786 858 858 176.878496 14 0.000000 0.010000 
1787 855 858 44.456432 14 0.000000 0.010000 
1788 855 847 202.170029 14 0.000000 0.010000 
1789 0 847 103.585261 14 0.000000 0.010000 
1790 847 855 40.515916 14 0.000000 0.010000 
1791 847 855 148.214640 14 0.000000 0.010000 
1792 127 799 71.668221 12 0.000000 0.064000 
1793 1030 1089 513.818136 7 0.000000 0.010000 
1794 1187 1180 272.282085 9 0.000000 0.010000 
1795 1187 1173 288.250167 14 0.000000 0.010000 
1796 1173 1101 726.432509 14 0.000000 0.010000 
1797 1173 1170 299.815159 14 0.000000 0.010000 
1798 1033 1023 80.036902 14 0.000000 0.010000 
1799 1031 1023 147.438092 14 0.000000 0.010000 
1800 1019 1023 216.350744 14 0.000000 0.008000 
1801 1019 1030 77.668205 7 0.000000 0.009000 
1802 1193 1187 347.328048 9 0.000000 0.010000 
1803 0 1019 1312.571231 7 0.000000 0.010000 
1804 0 1193 373.973026 12 0.000000 0.010000 
1805 0 1193 332.852957 9 0.000000 0.451000 
